/* ========== Full Raw Capacitance ========== */
/*	001, 002, 003, 004, 005, 006, 007, 008, 009, 010, 011, 012, 013, 014, 015, 016, 017, 018, 019, 020, 021, 022, 023, 024, 025, 026, 027, 028, 029, 030, 031, 032, 033 */
FULL_RAWDATA_LOWER = {
	773, 777, 779, 779, 793, 782, 780, 781, 784, 779, 788, 789, 792, 790, 792, 798, 806, 804, 809, 813, 824, 823, 829, 829, 840, 842, 849, 849, 862, 868, 872, 879, 829,
	797, 787, 788, 802, 791, 790, 789, 791, 793, 789, 797, 798, 802, 799, 801, 807, 815, 815, 818, 823, 833, 832, 838, 837, 848, 853, 855, 857, 871, 876, 880, 885, 891,
	792, 783, 784, 784, 785, 786, 785, 787, 788, 784, 793, 794, 797, 794, 796, 803, 810, 810, 813, 818, 828, 827, 833, 846, 842, 846, 850, 851, 864, 869, 873, 879, 886,
	789, 782, 783, 783, 785, 785, 785, 787, 788, 784, 792, 792, 796, 807, 795, 801, 809, 808, 812, 817, 827, 825, 831, 830, 841, 844, 847, 848, 862, 867, 871, 875, 883,
	692, 798, 789, 790, 791, 792, 791, 792, 794, 790, 798, 799, 802, 799, 801, 807, 814, 814, 817, 822, 831, 829, 834, 834, 844, 875, 850, 851, 864, 868, 872, 877, 884,
	757, 788, 791, 792, 794, 794, 793, 796, 809, 792, 800, 801, 804, 801, 803, 808, 816, 815, 818, 823, 845, 831, 845, 835, 845, 847, 851, 851, 865, 868, 872, 877, 884,
	748, 790, 793, 795, 796, 796, 796, 825, 799, 796, 803, 804, 807, 804, 820, 812, 819, 819, 821, 826, 835, 833, 838, 837, 847, 849, 852, 853, 866, 869, 873, 877, 883,
	750, 793, 796, 798, 799, 800, 799, 801, 802, 799, 807, 807, 810, 807, 809, 815, 836, 822, 824, 828, 837, 835, 841, 839, 849, 851, 855, 854, 868, 871, 873, 878, 883,
	755, 798, 801, 802, 804, 805, 805, 806, 807, 804, 826, 812, 815, 812, 814, 819, 826, 826, 828, 832, 842, 838, 845, 842, 852, 854, 857, 857, 869, 873, 876, 879, 884,
	760, 802, 805, 807, 808, 810, 809, 810, 811, 808, 815, 817, 819, 817, 818, 824, 830, 829, 846, 836, 851, 843, 848, 846, 855, 857, 860, 860, 872, 875, 877, 881, 884,
	767, 807, 810, 812, 814, 814, 814, 815, 817, 812, 821, 822, 825, 821, 823, 829, 835, 834, 836, 840, 849, 847, 851, 849, 872, 860, 866, 868, 874, 877, 878, 882, 884,
	781, 814, 831, 818, 820, 821, 821, 821, 823, 820, 827, 828, 831, 828, 829, 834, 841, 840, 842, 846, 854, 851, 856, 854, 862, 864, 867, 865, 877, 880, 882, 885, 885,
	750, 815, 818, 820, 822, 822, 822, 822, 824, 821, 828, 829, 831, 829, 830, 835, 842, 840, 842, 846, 855, 852, 857, 854, 864, 864, 867, 866, 877, 880, 882, 899, 885,
	855, 824, 824, 826, 827, 842, 828, 828, 829, 827, 834, 835, 838, 835, 837, 841, 849, 847, 849, 852, 861, 858, 862, 861, 870, 872, 874, 874, 886, 889, 892, 895, 896,
	846, 820, 820, 821, 823, 824, 838, 825, 826, 824, 831, 832, 835, 832, 834, 840, 846, 845, 847, 852, 860, 858, 863, 862, 871, 872, 875, 875, 888, 892, 897, 903, 909,
	842, 817, 816, 817, 819, 818, 819, 821, 821, 818, 826, 840, 829, 827, 828, 833, 841, 840, 842, 846, 855, 853, 858, 857, 867, 869, 873, 874, 888, 894, 901, 914, 931,
	847, 830, 828, 826, 825, 824, 822, 822, 822, 817, 824, 824, 840, 822, 823, 828, 834, 833, 834, 838, 846, 844, 849, 846, 856, 857, 861, 861, 875, 882, 892, 913, 912,
}

/*	0001, 0002, 0003, 0004, 0005, 0006, 0007, 0008, 0009, 0010, 0011, 0012, 0013, 0014, 0015, 0016, 0017, 0018, 0019, 0020, 0021, 0022, 0023, 0024, 0025, 0026, 0027, 0028, 0029, 0030, 0031, 0032, 0033 */
FULL_RAWDATA_UPPER = {
	1344, 1351, 1355, 1355, 1380, 1361, 1357, 1359, 1364, 1355, 1372, 1372, 1379, 1374, 1377, 1387, 1401, 1399, 1408, 1415, 1433, 1431, 1442, 1442, 1461, 1466, 1476, 1477, 1501, 1509, 1516, 1529, 1442,
	1387, 1370, 1372, 1395, 1375, 1375, 1374, 1377, 1379, 1374, 1387, 1388, 1394, 1389, 1393, 1404, 1419, 1417, 1423, 1431, 1449, 1448, 1457, 1457, 1476, 1484, 1488, 1491, 1515, 1524, 1531, 1541, 1550,
	1379, 1362, 1364, 1364, 1367, 1368, 1366, 1370, 1372, 1365, 1379, 1380, 1386, 1380, 1385, 1397, 1410, 1409, 1415, 1422, 1440, 1438, 1449, 1471, 1466, 1471, 1478, 1480, 1504, 1512, 1519, 1529, 1541,
	1374, 1360, 1362, 1363, 1366, 1367, 1366, 1370, 1370, 1364, 1377, 1377, 1384, 1404, 1383, 1394, 1408, 1407, 1413, 1420, 1439, 1435, 1447, 1444, 1462, 1467, 1474, 1475, 1499, 1507, 1514, 1523, 1536,
	1205, 1388, 1373, 1374, 1377, 1379, 1377, 1379, 1380, 1375, 1388, 1389, 1395, 1389, 1394, 1404, 1417, 1415, 1420, 1429, 1446, 1443, 1452, 1451, 1468, 1521, 1479, 1480, 1502, 1510, 1516, 1525, 1537,
	1318, 1371, 1376, 1377, 1380, 1380, 1379, 1384, 1408, 1379, 1392, 1393, 1398, 1393, 1397, 1406, 1419, 1419, 1424, 1432, 1469, 1446, 1469, 1453, 1470, 1474, 1480, 1481, 1504, 1511, 1517, 1525, 1537,
	1300, 1375, 1379, 1382, 1386, 1386, 1385, 1435, 1390, 1385, 1397, 1399, 1404, 1399, 1426, 1412, 1424, 1424, 1428, 1436, 1453, 1448, 1459, 1457, 1473, 1476, 1483, 1484, 1506, 1513, 1518, 1527, 1537,
	1305, 1379, 1385, 1387, 1390, 1391, 1390, 1394, 1396, 1390, 1404, 1405, 1410, 1405, 1408, 1417, 1455, 1429, 1433, 1440, 1457, 1453, 1464, 1459, 1477, 1481, 1487, 1487, 1509, 1515, 1519, 1527, 1537,
	1314, 1387, 1393, 1395, 1399, 1400, 1400, 1401, 1404, 1399, 1436, 1413, 1418, 1413, 1415, 1426, 1437, 1437, 1440, 1447, 1464, 1459, 1469, 1466, 1482, 1486, 1491, 1491, 1513, 1519, 1524, 1530, 1537,
	1323, 1395, 1401, 1404, 1407, 1408, 1408, 1410, 1411, 1406, 1419, 1420, 1426, 1420, 1423, 1433, 1445, 1443, 1472, 1455, 1480, 1466, 1475, 1472, 1488, 1491, 1495, 1495, 1516, 1522, 1526, 1533, 1538,
	1335, 1405, 1410, 1413, 1415, 1417, 1417, 1417, 1420, 1414, 1427, 1429, 1435, 1429, 1432, 1442, 1454, 1452, 1455, 1462, 1477, 1473, 1480, 1477, 1517, 1497, 1507, 1509, 1520, 1525, 1528, 1535, 1539,
	1359, 1417, 1447, 1424, 1426, 1427, 1427, 1428, 1431, 1426, 1439, 1440, 1445, 1440, 1442, 1451, 1464, 1461, 1464, 1471, 1486, 1481, 1489, 1486, 1501, 1503, 1507, 1506, 1526, 1531, 1535, 1540, 1541,
	1304, 1417, 1423, 1426, 1429, 1430, 1430, 1431, 1433, 1428, 1441, 1442, 1447, 1442, 1444, 1452, 1464, 1462, 1466, 1473, 1487, 1482, 1490, 1487, 1502, 1504, 1508, 1506, 1527, 1532, 1534, 1564, 1541,
	1487, 1434, 1434, 1436, 1439, 1464, 1440, 1441, 1443, 1438, 1452, 1454, 1458, 1453, 1455, 1464, 1476, 1473, 1476, 1483, 1497, 1493, 1501, 1498, 1513, 1516, 1521, 1520, 1542, 1546, 1552, 1557, 1558,
	1471, 1426, 1426, 1429, 1431, 1433, 1458, 1435, 1437, 1433, 1446, 1447, 1453, 1448, 1452, 1461, 1472, 1470, 1474, 1482, 1497, 1493, 1502, 1499, 1514, 1517, 1522, 1523, 1544, 1553, 1560, 1571, 1582,
	1464, 1420, 1419, 1420, 1424, 1424, 1426, 1427, 1428, 1422, 1436, 1462, 1443, 1438, 1441, 1450, 1462, 1461, 1464, 1472, 1488, 1484, 1494, 1491, 1507, 1513, 1519, 1520, 1544, 1555, 1568, 1589, 1620,
	1473, 1444, 1440, 1436, 1436, 1434, 1430, 1430, 1430, 1422, 1433, 1433, 1461, 1430, 1432, 1441, 1452, 1448, 1451, 1457, 1473, 1468, 1476, 1473, 1488, 1492, 1497, 1499, 1523, 1535, 1553, 1588, 1586,
}
/* ============================== */


/* ========== LPWG Full Raw Capacitance ========== Not used */
/*	001, 002, 003, 004, 005, 006, 007, 008, 009, 010, 011, 012, 013, 014, 015, 016, 017, 018, 019, 020, 021, 022, 023, 024, 025, 026, 027, 028, 029, 030, 031, 032, 033, 034 */
LPWG_FULL_RAWDATA_LOWER = {
	491, 594, 600, 606, 605, 610, 613, 612, 613, 618, 622, 621, 625, 623, 627, 628, 649, 674, 671, 673, 664, 671, 675, 674, 674, 675, 679, 680, 684, 685, 690, 698, 710, 624,
	622, 620, 625, 630, 629, 634, 636, 635, 637, 642, 646, 644, 648, 646, 651, 652, 654, 671, 672, 676, 669, 678, 683, 682, 684, 686, 708, 693, 697, 699, 704, 710, 718, 717,
	628, 624, 628, 634, 633, 638, 641, 639, 640, 645, 649, 648, 651, 650, 655, 655, 657, 672, 674, 677, 671, 679, 684, 684, 685, 704, 691, 693, 697, 699, 703, 708, 714, 707,
	630, 627, 631, 637, 636, 641, 643, 642, 643, 648, 652, 650, 654, 653, 657, 657, 660, 672, 674, 695, 671, 679, 684, 684, 686, 686, 691, 693, 697, 698, 702, 706, 711, 700,
	631, 630, 635, 640, 639, 644, 646, 645, 646, 651, 655, 653, 657, 655, 660, 660, 662, 673, 675, 678, 672, 698, 685, 685, 686, 687, 692, 693, 698, 698, 701, 705, 709, 696,
	556, 634, 638, 644, 642, 648, 650, 648, 649, 654, 658, 656, 660, 658, 662, 662, 665, 678, 696, 681, 674, 682, 686, 686, 687, 688, 692, 694, 698, 698, 701, 705, 708, 692,
	  0, 642, 645, 652, 650, 655, 657, 656, 657, 661, 665, 663, 666, 664, 669, 668, 671, 677, 679, 682, 677, 685, 691, 690, 692, 694, 698, 699, 702, 702, 704, 706, 709, 691,
	  0, 626, 648, 654, 653, 658, 660, 658, 659, 663, 667, 665, 668, 667, 671, 671, 673, 677, 679, 682, 675, 683, 687, 704, 688, 689, 693, 694, 698, 699, 703, 707, 711, 693,
	  0, 628, 650, 657, 655, 660, 662, 660, 661, 665, 668, 667, 670, 685, 673, 672, 675, 677, 679, 682, 675, 684, 687, 687, 688, 688, 692, 693, 697, 697, 699, 702, 704, 684,
	  0, 628, 667, 657, 655, 660, 662, 660, 661, 666, 669, 668, 671, 670, 676, 677, 683, 676, 678, 681, 674, 682, 686, 686, 687, 688, 691, 693, 696, 696, 699, 701, 704, 684,
	  0, 629, 650, 657, 656, 662, 665, 664, 666, 670, 674, 672, 692, 673, 677, 676, 680, 674, 676, 679, 672, 680, 684, 684, 686, 686, 690, 691, 695, 695, 697, 700, 703, 684,
	564, 645, 648, 671, 651, 656, 658, 656, 657, 661, 665, 663, 667, 666, 671, 672, 677, 668, 671, 674, 668, 677, 681, 681, 682, 683, 687, 689, 692, 693, 695, 698, 702, 683,
	637, 641, 644, 650, 648, 653, 656, 654, 656, 660, 664, 680, 666, 666, 671, 672, 678, 665, 669, 672, 666, 674, 678, 678, 680, 681, 685, 687, 691, 691, 694, 698, 701, 684,
	654, 640, 643, 649, 647, 652, 655, 654, 655, 660, 664, 663, 667, 666, 671, 673, 681, 663, 666, 670, 663, 672, 676, 677, 679, 680, 684, 685, 690, 690, 693, 696, 700, 684,
	636, 639, 643, 648, 647, 652, 654, 653, 654, 659, 663, 662, 667, 666, 672, 676, 686, 661, 664, 667, 678, 670, 675, 675, 676, 678, 682, 684, 688, 689, 691, 695, 699, 683,
	632, 639, 642, 647, 646, 651, 653, 652, 654, 659, 663, 662, 667, 667, 675, 680, 698, 675, 660, 664, 658, 666, 672, 672, 673, 675, 679, 681, 685, 686, 689, 693, 696, 680,
	548, 649, 653, 658, 655, 659, 661, 660, 661, 665, 669, 668, 673, 675, 685, 698, 746, 632, 635, 638, 632, 641, 645, 645, 647, 648, 652, 654, 658, 676, 661, 666, 670, 558,
}

/*	0001, 0002, 0003, 0004, 0005, 0006, 0007, 0008, 0009, 0010, 0011, 0012, 0013, 0014, 0015, 0016, 0017, 0018, 0019, 0020, 0021, 0022, 0023, 0024, 0025, 0026, 0027, 0028, 0029, 0030, 0031, 0032, 0033, 0034 */
LPWG_FULL_RAWDATA_UPPER = {
	 854, 1034, 1045, 1054, 1052, 1062, 1066, 1064, 1066, 1075, 1082, 1080, 1087, 1084, 1092, 1093, 1129, 1173, 1167, 1171, 1156, 1168, 1174, 1172, 1173, 1174, 1180, 1184, 1190, 1192, 1201, 1214, 1236, 1085,
	1082, 1079, 1086, 1096, 1094, 1103, 1107, 1105, 1108, 1116, 1123, 1120, 1127, 1124, 1133, 1134, 1138, 1167, 1170, 1175, 1164, 1179, 1188, 1187, 1191, 1193, 1231, 1206, 1213, 1216, 1225, 1235, 1250, 1247,
	1093, 1086, 1093, 1102, 1101, 1110, 1114, 1112, 1114, 1122, 1129, 1126, 1133, 1130, 1139, 1140, 1144, 1169, 1173, 1177, 1167, 1181, 1189, 1189, 1192, 1225, 1203, 1206, 1213, 1216, 1222, 1232, 1242, 1230,
	1096, 1091, 1098, 1108, 1106, 1115, 1119, 1117, 1119, 1127, 1134, 1131, 1138, 1135, 1143, 1144, 1148, 1169, 1173, 1208, 1167, 1182, 1190, 1190, 1193, 1194, 1203, 1206, 1213, 1215, 1221, 1229, 1237, 1219,
	1098, 1097, 1104, 1113, 1111, 1120, 1124, 1122, 1124, 1132, 1139, 1136, 1142, 1139, 1148, 1148, 1152, 1171, 1175, 1180, 1169, 1214, 1191, 1191, 1194, 1195, 1203, 1206, 1214, 1214, 1220, 1226, 1234, 1210,
	 968, 1103, 1109, 1120, 1117, 1127, 1130, 1128, 1129, 1137, 1144, 1141, 1147, 1144, 1152, 1153, 1157, 1179, 1211, 1185, 1173, 1187, 1193, 1193, 1196, 1197, 1204, 1207, 1214, 1215, 1220, 1226, 1232, 1203,
	   0, 1116, 1123, 1135, 1131, 1140, 1144, 1141, 1142, 1150, 1156, 1153, 1158, 1155, 1163, 1163, 1167, 1177, 1181, 1187, 1177, 1192, 1201, 1201, 1205, 1207, 1214, 1216, 1222, 1221, 1225, 1229, 1233, 1202,
	   0, 1089, 1127, 1138, 1136, 1144, 1148, 1145, 1147, 1154, 1160, 1157, 1162, 1160, 1167, 1167, 1171, 1178, 1181, 1186, 1174, 1189, 1195, 1225, 1197, 1198, 1205, 1208, 1214, 1216, 1223, 1230, 1237, 1206,
	   0, 1093, 1131, 1142, 1139, 1148, 1151, 1148, 1150, 1157, 1163, 1160, 1165, 1192, 1170, 1169, 1174, 1178, 1182, 1186, 1175, 1189, 1196, 1195, 1197, 1198, 1204, 1206, 1213, 1212, 1216, 1221, 1225, 1190,
	   0, 1093, 1161, 1142, 1139, 1148, 1151, 1148, 1150, 1158, 1164, 1162, 1168, 1166, 1175, 1179, 1188, 1176, 1180, 1185, 1173, 1187, 1193, 1193, 1195, 1196, 1203, 1205, 1211, 1211, 1216, 1220, 1224, 1190,
	   0, 1094, 1131, 1143, 1142, 1152, 1156, 1156, 1158, 1166, 1172, 1169, 1204, 1170, 1177, 1177, 1183, 1172, 1176, 1181, 1169, 1184, 1191, 1190, 1193, 1193, 1200, 1203, 1209, 1209, 1213, 1218, 1223, 1189,
	 982, 1122, 1127, 1167, 1133, 1141, 1144, 1142, 1143, 1151, 1157, 1154, 1161, 1159, 1168, 1169, 1177, 1163, 1168, 1173, 1162, 1177, 1185, 1184, 1187, 1188, 1195, 1198, 1205, 1206, 1210, 1215, 1220, 1188,
	1109, 1115, 1121, 1131, 1128, 1137, 1140, 1139, 1141, 1149, 1155, 1184, 1160, 1159, 1167, 1169, 1179, 1158, 1163, 1169, 1158, 1173, 1180, 1180, 1183, 1185, 1193, 1195, 1202, 1202, 1208, 1214, 1219, 1190,
	1138, 1114, 1119, 1129, 1126, 1135, 1139, 1137, 1140, 1148, 1155, 1153, 1160, 1158, 1167, 1171, 1184, 1154, 1159, 1165, 1154, 1169, 1177, 1177, 1181, 1182, 1190, 1192, 1200, 1201, 1206, 1211, 1217, 1190,
	1106, 1112, 1118, 1127, 1125, 1134, 1138, 1136, 1138, 1147, 1154, 1152, 1160, 1159, 1170, 1175, 1194, 1150, 1155, 1161, 1180, 1165, 1173, 1174, 1177, 1179, 1187, 1190, 1197, 1198, 1203, 1209, 1215, 1189,
	1099, 1111, 1117, 1126, 1123, 1132, 1136, 1134, 1137, 1146, 1153, 1152, 1161, 1161, 1174, 1183, 1214, 1175, 1149, 1155, 1144, 1159, 1169, 1168, 1172, 1174, 1182, 1185, 1192, 1193, 1199, 1205, 1212, 1182,
	 954, 1129, 1136, 1144, 1139, 1147, 1150, 1148, 1150, 1157, 1163, 1163, 1171, 1175, 1192, 1213, 1298, 1100, 1104, 1111, 1100, 1115, 1122, 1122, 1125, 1127, 1135, 1138, 1145, 1176, 1151, 1159, 1165,  971,
}
/* ============================== */


/* ========== Jitter ========== */
JITTER_LOWER = {
	-20,
}
JITTER_UPPER = {
	20,
}
LPWG_JITTER_LOWER = {
	-20,
}
LPWG_JITTER_UPPER = {
	20,
}
/* ================================= */


/* ========== Hybrid Abs Rawdata ========== */
HYBRID_ABS_RX_RAWDATA_LOWER = {
	25145, 29035, 28733, 28345, 28204, 28055, 28831, 29223, 28795, 29061, 28406, 28764, 28325, 28662, 28934, 28316, 28293, 28188, 28335, 28173, 27932, 28072, 27827, 27583, 27504, 27626, 26890, 26876, 26976, 27177, 27235, 27488, 27399,
}
HYBRID_ABS_RX_RAWDATA_UPPER = {
	43746, 50514, 49988, 49313, 49067, 48808, 50158, 50840, 50095, 50557, 49419, 50041, 49278, 49864, 50337, 49263, 49222, 49039, 49295, 49013, 48594, 48838, 48412, 47987, 47850, 48062, 46781, 46757, 46931, 47280, 47382, 47821, 47667,
}
HYBRID_ABS_TX_RAWDATA_LOWER = {
	55940, 58087, 57994, 58498, 56798, 56671, 57099, 56784, 56922, 57054, 57316, 57726, 57736, 60069, 60693, 61330, 60350,
}
HYBRID_ABS_TX_RAWDATA_UPPER = {
	97321, 101056, 100893, 101771, 98813, 98592, 99337, 98789, 99029, 99258, 99715, 100428, 100445, 104504, 105589, 106697, 104993,
}
/* ================================= */


/* ========== Trx short Limit ========== */
TRX_SHORT_LIMIT = {
	3, 0, 0, 0, 3, 0, 0, 0,
}
EXTENDED_TRX_SHORT_LIMIT = {
	200, 2000,
}
/* ================================= */


/* ========== High Resistance ========== */
HIGH_RESISTANCE_LOWER = {
	-400,
}
HIGH_RESISTANCE_UPPER = {
	400,
}
/* ================================= */
