/* ========== Full Raw Capacitance ========== */
/*	001, 002, 003, 004, 005, 006, 007, 008, 009, 010, 011, 012, 013, 014, 015, 016, 017, 018, 019, 020, 021, 022, 023, 024, 025, 026, 027, 028, 029, 030, 031, 032, 033 */
FULL_RAWDATA_LOWER = {
	794, 798, 800, 800, 815, 804, 801, 803, 806, 800, 810, 810, 814, 811, 813, 820, 827, 826, 831, 836, 846, 845, 852, 852, 863, 866, 872, 872, 886, 891, 896, 903, 852,
	819, 809, 810, 824, 812, 812, 811, 813, 814, 811, 819, 820, 824, 821, 823, 829, 838, 837, 840, 845, 856, 855, 860, 860, 871, 876, 879, 881, 895, 900, 904, 910, 915,
	814, 805, 806, 806, 807, 808, 807, 809, 810, 806, 814, 815, 819, 815, 818, 825, 833, 833, 836, 840, 851, 850, 856, 869, 866, 869, 873, 874, 888, 893, 897, 903, 910,
	811, 804, 805, 805, 807, 807, 807, 809, 809, 806, 813, 813, 818, 829, 816, 823, 831, 830, 835, 839, 850, 848, 854, 853, 864, 867, 870, 871, 885, 890, 895, 899, 908,
	711, 820, 811, 811, 813, 814, 813, 814, 815, 812, 820, 821, 824, 821, 823, 829, 837, 836, 839, 844, 854, 852, 857, 857, 867, 899, 873, 874, 887, 891, 896, 901, 908,
	778, 810, 812, 813, 815, 815, 814, 818, 831, 814, 822, 823, 826, 823, 825, 830, 838, 838, 841, 845, 868, 854, 868, 858, 868, 870, 874, 874, 888, 893, 896, 901, 908,
	768, 812, 814, 816, 819, 819, 818, 848, 821, 818, 825, 826, 829, 826, 842, 834, 841, 841, 843, 849, 858, 855, 861, 860, 870, 872, 875, 876, 889, 894, 897, 901, 908,
	770, 814, 818, 820, 821, 822, 821, 823, 824, 821, 829, 829, 833, 829, 831, 837, 859, 844, 846, 851, 860, 858, 865, 861, 872, 874, 879, 878, 891, 895, 897, 902, 908,
	776, 820, 823, 824, 826, 827, 827, 827, 829, 826, 849, 835, 838, 835, 836, 842, 849, 849, 851, 855, 865, 861, 868, 866, 875, 878, 881, 881, 894, 897, 900, 903, 908,
	781, 824, 827, 829, 830, 831, 831, 833, 834, 830, 838, 839, 842, 839, 840, 846, 853, 852, 869, 859, 874, 866, 871, 869, 879, 881, 883, 883, 896, 899, 901, 905, 909,
	789, 829, 833, 835, 836, 837, 837, 837, 839, 835, 843, 844, 848, 844, 845, 852, 858, 857, 859, 864, 872, 870, 874, 872, 896, 884, 890, 891, 898, 901, 902, 906, 909,
	803, 837, 854, 841, 842, 843, 843, 843, 845, 842, 850, 851, 854, 851, 852, 857, 865, 863, 865, 869, 878, 874, 880, 878, 886, 887, 890, 889, 901, 904, 906, 910, 910,
	770, 837, 840, 842, 844, 844, 844, 845, 846, 843, 851, 852, 854, 852, 853, 857, 865, 864, 866, 870, 879, 875, 880, 878, 887, 888, 890, 889, 901, 904, 906, 924, 910,
	879, 846, 846, 849, 850, 865, 851, 851, 852, 850, 857, 858, 861, 858, 859, 865, 872, 870, 872, 875, 884, 882, 886, 885, 894, 896, 898, 898, 911, 913, 916, 919, 920,
	869, 842, 842, 844, 845, 846, 861, 848, 849, 846, 854, 855, 858, 855, 857, 863, 869, 868, 870, 875, 884, 882, 887, 885, 895, 896, 899, 899, 912, 917, 921, 928, 934,
	865, 839, 838, 839, 841, 841, 842, 843, 843, 840, 849, 864, 852, 850, 851, 856, 864, 863, 865, 869, 879, 876, 882, 881, 890, 894, 897, 898, 912, 918, 926, 939, 957,
	870, 853, 851, 849, 848, 846, 844, 844, 844, 840, 846, 846, 863, 844, 845, 851, 857, 855, 857, 860, 870, 867, 872, 870, 879, 881, 884, 885, 899, 906, 917, 938, 936,
}

/*	0001, 0002, 0003, 0004, 0005, 0006, 0007, 0008, 0009, 0010, 0011, 0012, 0013, 0014, 0015, 0016, 0017, 0018, 0019, 0020, 0021, 0022, 0023, 0024, 0025, 0026, 0027, 0028, 0029, 0030, 0031, 0032, 0033 */
FULL_RAWDATA_UPPER = {
	1323, 1330, 1334, 1334, 1358, 1339, 1336, 1338, 1342, 1334, 1350, 1351, 1357, 1353, 1356, 1365, 1380, 1377, 1386, 1392, 1411, 1409, 1419, 1419, 1438, 1442, 1453, 1454, 1477, 1486, 1492, 1505, 1419,
	1365, 1348, 1350, 1373, 1354, 1353, 1352, 1355, 1358, 1352, 1365, 1366, 1372, 1367, 1371, 1382, 1396, 1395, 1401, 1409, 1426, 1425, 1435, 1434, 1453, 1461, 1464, 1467, 1491, 1500, 1507, 1516, 1526,
	1357, 1340, 1342, 1342, 1345, 1346, 1344, 1348, 1350, 1343, 1358, 1359, 1364, 1359, 1363, 1375, 1388, 1387, 1392, 1400, 1417, 1415, 1426, 1448, 1442, 1448, 1455, 1457, 1480, 1488, 1495, 1505, 1517,
	1352, 1338, 1340, 1341, 1344, 1345, 1344, 1348, 1349, 1342, 1356, 1356, 1363, 1382, 1362, 1372, 1386, 1385, 1390, 1398, 1416, 1413, 1424, 1421, 1439, 1444, 1451, 1452, 1476, 1484, 1490, 1499, 1512,
	1186, 1366, 1351, 1353, 1355, 1357, 1355, 1357, 1359, 1353, 1366, 1367, 1373, 1367, 1372, 1382, 1394, 1393, 1398, 1407, 1423, 1420, 1429, 1428, 1445, 1497, 1456, 1457, 1479, 1487, 1492, 1501, 1513,
	1297, 1349, 1355, 1356, 1359, 1359, 1358, 1363, 1386, 1357, 1370, 1371, 1376, 1371, 1375, 1384, 1397, 1396, 1401, 1410, 1446, 1423, 1446, 1430, 1447, 1451, 1457, 1458, 1481, 1487, 1493, 1501, 1513,
	1280, 1353, 1358, 1361, 1363, 1363, 1363, 1413, 1368, 1363, 1375, 1377, 1382, 1377, 1404, 1390, 1402, 1402, 1406, 1413, 1430, 1426, 1436, 1434, 1450, 1453, 1460, 1461, 1483, 1488, 1494, 1503, 1513,
	1285, 1358, 1363, 1365, 1368, 1369, 1368, 1372, 1374, 1368, 1382, 1383, 1388, 1383, 1386, 1395, 1432, 1407, 1411, 1417, 1434, 1430, 1440, 1437, 1454, 1458, 1463, 1463, 1486, 1491, 1495, 1503, 1513,
	1293, 1365, 1371, 1373, 1377, 1378, 1378, 1380, 1382, 1377, 1413, 1390, 1395, 1390, 1393, 1403, 1414, 1414, 1417, 1424, 1441, 1436, 1446, 1442, 1459, 1463, 1467, 1467, 1488, 1495, 1500, 1506, 1513,
	1302, 1373, 1379, 1382, 1385, 1387, 1386, 1388, 1388, 1384, 1396, 1398, 1403, 1398, 1401, 1411, 1422, 1420, 1449, 1432, 1457, 1443, 1452, 1449, 1464, 1467, 1472, 1472, 1492, 1498, 1502, 1509, 1513,
	1313, 1383, 1388, 1390, 1393, 1394, 1394, 1395, 1398, 1391, 1405, 1407, 1413, 1406, 1410, 1419, 1431, 1429, 1432, 1438, 1454, 1450, 1457, 1454, 1493, 1473, 1483, 1486, 1496, 1501, 1504, 1511, 1514,
	1338, 1394, 1424, 1401, 1404, 1405, 1405, 1406, 1409, 1404, 1416, 1417, 1422, 1417, 1419, 1428, 1440, 1438, 1441, 1448, 1463, 1458, 1465, 1463, 1477, 1480, 1484, 1482, 1502, 1507, 1511, 1515, 1516,
	1284, 1395, 1401, 1404, 1407, 1408, 1408, 1408, 1411, 1406, 1418, 1419, 1424, 1419, 1421, 1430, 1441, 1438, 1442, 1449, 1463, 1459, 1467, 1463, 1479, 1480, 1485, 1483, 1503, 1508, 1510, 1539, 1516,
	1463, 1412, 1412, 1413, 1416, 1441, 1417, 1418, 1420, 1415, 1429, 1431, 1435, 1430, 1433, 1440, 1453, 1450, 1453, 1460, 1474, 1469, 1477, 1474, 1489, 1492, 1497, 1496, 1517, 1522, 1528, 1533, 1534,
	1448, 1404, 1404, 1406, 1409, 1411, 1435, 1413, 1414, 1411, 1423, 1424, 1430, 1425, 1429, 1438, 1449, 1447, 1451, 1459, 1473, 1469, 1478, 1476, 1490, 1493, 1498, 1499, 1520, 1528, 1536, 1546, 1557,
	1441, 1398, 1397, 1398, 1402, 1401, 1403, 1405, 1406, 1400, 1413, 1438, 1420, 1415, 1418, 1427, 1439, 1438, 1441, 1449, 1464, 1461, 1470, 1467, 1484, 1488, 1495, 1496, 1520, 1531, 1543, 1564, 1594,
	1450, 1421, 1417, 1413, 1413, 1412, 1408, 1408, 1408, 1399, 1411, 1411, 1438, 1408, 1410, 1418, 1429, 1426, 1428, 1435, 1449, 1445, 1453, 1449, 1465, 1468, 1474, 1475, 1499, 1511, 1528, 1563, 1562,
}
/* ============================== */


/* ========== LPWG Full Raw Capacitance ========== Not used */
/*	001, 002, 003, 004, 005, 006, 007, 008, 009, 010, 011, 012, 013, 014, 015, 016, 017, 018, 019, 020, 021, 022, 023, 024, 025, 026, 027, 028, 029, 030, 031, 032, 033, 034 */
LPWG_FULL_RAWDATA_LOWER = {
	491, 594, 600, 606, 605, 610, 613, 612, 613, 618, 622, 621, 625, 623, 627, 628, 649, 674, 671, 673, 664, 671, 675, 674, 674, 675, 679, 680, 684, 685, 690, 698, 710, 624,
	622, 620, 625, 630, 629, 634, 636, 635, 637, 642, 646, 644, 648, 646, 651, 652, 654, 671, 672, 676, 669, 678, 683, 682, 684, 686, 708, 693, 697, 699, 704, 710, 718, 717,
	628, 624, 628, 634, 633, 638, 641, 639, 640, 645, 649, 648, 651, 650, 655, 655, 657, 672, 674, 677, 671, 679, 684, 684, 685, 704, 691, 693, 697, 699, 703, 708, 714, 707,
	630, 627, 631, 637, 636, 641, 643, 642, 643, 648, 652, 650, 654, 653, 657, 657, 660, 672, 674, 695, 671, 679, 684, 684, 686, 686, 691, 693, 697, 698, 702, 706, 711, 700,
	631, 630, 635, 640, 639, 644, 646, 645, 646, 651, 655, 653, 657, 655, 660, 660, 662, 673, 675, 678, 672, 698, 685, 685, 686, 687, 692, 693, 698, 698, 701, 705, 709, 696,
	556, 634, 638, 644, 642, 648, 650, 648, 649, 654, 658, 656, 660, 658, 662, 662, 665, 678, 696, 681, 674, 682, 686, 686, 687, 688, 692, 694, 698, 698, 701, 705, 708, 692,
	  0, 642, 645, 652, 650, 655, 657, 656, 657, 661, 665, 663, 666, 664, 669, 668, 671, 677, 679, 682, 677, 685, 691, 690, 692, 694, 698, 699, 702, 702, 704, 706, 709, 691,
	  0, 626, 648, 654, 653, 658, 660, 658, 659, 663, 667, 665, 668, 667, 671, 671, 673, 677, 679, 682, 675, 683, 687, 704, 688, 689, 693, 694, 698, 699, 703, 707, 711, 693,
	  0, 628, 650, 657, 655, 660, 662, 660, 661, 665, 668, 667, 670, 685, 673, 672, 675, 677, 679, 682, 675, 684, 687, 687, 688, 688, 692, 693, 697, 697, 699, 702, 704, 684,
	  0, 628, 667, 657, 655, 660, 662, 660, 661, 666, 669, 668, 671, 670, 676, 677, 683, 676, 678, 681, 674, 682, 686, 686, 687, 688, 691, 693, 696, 696, 699, 701, 704, 684,
	  0, 629, 650, 657, 656, 662, 665, 664, 666, 670, 674, 672, 692, 673, 677, 676, 680, 674, 676, 679, 672, 680, 684, 684, 686, 686, 690, 691, 695, 695, 697, 700, 703, 684,
	564, 645, 648, 671, 651, 656, 658, 656, 657, 661, 665, 663, 667, 666, 671, 672, 677, 668, 671, 674, 668, 677, 681, 681, 682, 683, 687, 689, 692, 693, 695, 698, 702, 683,
	637, 641, 644, 650, 648, 653, 656, 654, 656, 660, 664, 680, 666, 666, 671, 672, 678, 665, 669, 672, 666, 674, 678, 678, 680, 681, 685, 687, 691, 691, 694, 698, 701, 684,
	654, 640, 643, 649, 647, 652, 655, 654, 655, 660, 664, 663, 667, 666, 671, 673, 681, 663, 666, 670, 663, 672, 676, 677, 679, 680, 684, 685, 690, 690, 693, 696, 700, 684,
	636, 639, 643, 648, 647, 652, 654, 653, 654, 659, 663, 662, 667, 666, 672, 676, 686, 661, 664, 667, 678, 670, 675, 675, 676, 678, 682, 684, 688, 689, 691, 695, 699, 683,
	632, 639, 642, 647, 646, 651, 653, 652, 654, 659, 663, 662, 667, 667, 675, 680, 698, 675, 660, 664, 658, 666, 672, 672, 673, 675, 679, 681, 685, 686, 689, 693, 696, 680,
	548, 649, 653, 658, 655, 659, 661, 660, 661, 665, 669, 668, 673, 675, 685, 698, 746, 632, 635, 638, 632, 641, 645, 645, 647, 648, 652, 654, 658, 676, 661, 666, 670, 558,
}

/*	0001, 0002, 0003, 0004, 0005, 0006, 0007, 0008, 0009, 0010, 0011, 0012, 0013, 0014, 0015, 0016, 0017, 0018, 0019, 0020, 0021, 0022, 0023, 0024, 0025, 0026, 0027, 0028, 0029, 0030, 0031, 0032, 0033, 0034 */
LPWG_FULL_RAWDATA_UPPER = {
	 854, 1034, 1045, 1054, 1052, 1062, 1066, 1064, 1066, 1075, 1082, 1080, 1087, 1084, 1092, 1093, 1129, 1173, 1167, 1171, 1156, 1168, 1174, 1172, 1173, 1174, 1180, 1184, 1190, 1192, 1201, 1214, 1236, 1085,
	1082, 1079, 1086, 1096, 1094, 1103, 1107, 1105, 1108, 1116, 1123, 1120, 1127, 1124, 1133, 1134, 1138, 1167, 1170, 1175, 1164, 1179, 1188, 1187, 1191, 1193, 1231, 1206, 1213, 1216, 1225, 1235, 1250, 1247,
	1093, 1086, 1093, 1102, 1101, 1110, 1114, 1112, 1114, 1122, 1129, 1126, 1133, 1130, 1139, 1140, 1144, 1169, 1173, 1177, 1167, 1181, 1189, 1189, 1192, 1225, 1203, 1206, 1213, 1216, 1222, 1232, 1242, 1230,
	1096, 1091, 1098, 1108, 1106, 1115, 1119, 1117, 1119, 1127, 1134, 1131, 1138, 1135, 1143, 1144, 1148, 1169, 1173, 1208, 1167, 1182, 1190, 1190, 1193, 1194, 1203, 1206, 1213, 1215, 1221, 1229, 1237, 1219,
	1098, 1097, 1104, 1113, 1111, 1120, 1124, 1122, 1124, 1132, 1139, 1136, 1142, 1139, 1148, 1148, 1152, 1171, 1175, 1180, 1169, 1214, 1191, 1191, 1194, 1195, 1203, 1206, 1214, 1214, 1220, 1226, 1234, 1210,
	 968, 1103, 1109, 1120, 1117, 1127, 1130, 1128, 1129, 1137, 1144, 1141, 1147, 1144, 1152, 1153, 1157, 1179, 1211, 1185, 1173, 1187, 1193, 1193, 1196, 1197, 1204, 1207, 1214, 1215, 1220, 1226, 1232, 1203,
	   0, 1116, 1123, 1135, 1131, 1140, 1144, 1141, 1142, 1150, 1156, 1153, 1158, 1155, 1163, 1163, 1167, 1177, 1181, 1187, 1177, 1192, 1201, 1201, 1205, 1207, 1214, 1216, 1222, 1221, 1225, 1229, 1233, 1202,
	   0, 1089, 1127, 1138, 1136, 1144, 1148, 1145, 1147, 1154, 1160, 1157, 1162, 1160, 1167, 1167, 1171, 1178, 1181, 1186, 1174, 1189, 1195, 1225, 1197, 1198, 1205, 1208, 1214, 1216, 1223, 1230, 1237, 1206,
	   0, 1093, 1131, 1142, 1139, 1148, 1151, 1148, 1150, 1157, 1163, 1160, 1165, 1192, 1170, 1169, 1174, 1178, 1182, 1186, 1175, 1189, 1196, 1195, 1197, 1198, 1204, 1206, 1213, 1212, 1216, 1221, 1225, 1190,
	   0, 1093, 1161, 1142, 1139, 1148, 1151, 1148, 1150, 1158, 1164, 1162, 1168, 1166, 1175, 1179, 1188, 1176, 1180, 1185, 1173, 1187, 1193, 1193, 1195, 1196, 1203, 1205, 1211, 1211, 1216, 1220, 1224, 1190,
	   0, 1094, 1131, 1143, 1142, 1152, 1156, 1156, 1158, 1166, 1172, 1169, 1204, 1170, 1177, 1177, 1183, 1172, 1176, 1181, 1169, 1184, 1191, 1190, 1193, 1193, 1200, 1203, 1209, 1209, 1213, 1218, 1223, 1189,
	 982, 1122, 1127, 1167, 1133, 1141, 1144, 1142, 1143, 1151, 1157, 1154, 1161, 1159, 1168, 1169, 1177, 1163, 1168, 1173, 1162, 1177, 1185, 1184, 1187, 1188, 1195, 1198, 1205, 1206, 1210, 1215, 1220, 1188,
	1109, 1115, 1121, 1131, 1128, 1137, 1140, 1139, 1141, 1149, 1155, 1184, 1160, 1159, 1167, 1169, 1179, 1158, 1163, 1169, 1158, 1173, 1180, 1180, 1183, 1185, 1193, 1195, 1202, 1202, 1208, 1214, 1219, 1190,
	1138, 1114, 1119, 1129, 1126, 1135, 1139, 1137, 1140, 1148, 1155, 1153, 1160, 1158, 1167, 1171, 1184, 1154, 1159, 1165, 1154, 1169, 1177, 1177, 1181, 1182, 1190, 1192, 1200, 1201, 1206, 1211, 1217, 1190,
	1106, 1112, 1118, 1127, 1125, 1134, 1138, 1136, 1138, 1147, 1154, 1152, 1160, 1159, 1170, 1175, 1194, 1150, 1155, 1161, 1180, 1165, 1173, 1174, 1177, 1179, 1187, 1190, 1197, 1198, 1203, 1209, 1215, 1189,
	1099, 1111, 1117, 1126, 1123, 1132, 1136, 1134, 1137, 1146, 1153, 1152, 1161, 1161, 1174, 1183, 1214, 1175, 1149, 1155, 1144, 1159, 1169, 1168, 1172, 1174, 1182, 1185, 1192, 1193, 1199, 1205, 1212, 1182,
	 954, 1129, 1136, 1144, 1139, 1147, 1150, 1148, 1150, 1157, 1163, 1163, 1171, 1175, 1192, 1213, 1298, 1100, 1104, 1111, 1100, 1115, 1122, 1122, 1125, 1127, 1135, 1138, 1145, 1176, 1151, 1159, 1165,  971,
}
/* ============================== */


/* ========== Jitter ========== */
JITTER_LOWER = {
	-20,
}
JITTER_UPPER = {
	20,
}
LPWG_JITTER_LOWER = {
	-20,
}
LPWG_JITTER_UPPER = {
	20,
}
/* ================================= */


/* ========== Hybrid Abs Rawdata ========== */
HYBRID_ABS_RX_RAWDATA_LOWER = {
	25834, 29831, 29521, 29122, 28977, 28824, 29621, 30024, 29584, 29857, 29184, 29552, 29101, 29447, 29727, 29092, 29068, 28960, 29111, 28945, 28698, 28841, 28590, 28339, 28258, 28383, 27626, 27612, 27715, 27922, 27981, 28241, 28150,
}
HYBRID_ABS_RX_RAWDATA_UPPER = {
	43057, 49718, 49201, 48536, 48295, 48040, 49368, 50039, 49306, 49761, 48641, 49253, 48502, 49079, 49544, 48487, 48447, 48266, 48519, 48242, 47829, 48069, 47649, 47231, 47097, 47305, 46044, 46021, 46192, 46536, 46635, 47068, 46916,

}
HYBRID_ABS_TX_RAWDATA_LOWER = {
	57473, 59679, 59583, 60101, 58354, 58224, 58664, 58340, 58482, 58617, 58887, 59308, 59318, 61715, 62356, 63010, 62004,
}
HYBRID_ABS_TX_RAWDATA_UPPER = {
	95788, 99465, 99304, 100168, 97257, 97039, 97773, 97233, 97470, 97695, 98145, 98846, 98863, 102859, 103926, 105017, 103340,
}
/* ================================= */


/* ========== Trx short Limit ========== */
TRX_SHORT_LIMIT = {
	3, 0, 0, 0, 3, 0, 0, 0,
}
EXTENDED_TRX_SHORT_LIMIT = {
	200, 2000,
}
/* ================================= */


/* ========== High Resistance ========== */
HIGH_RESISTANCE_LOWER = {
	-400,
}
HIGH_RESISTANCE_UPPER = {
	400,
}
/* ================================= */
