/* ========== Full Raw Capacitance ========== */
/*	001, 002, 003, 004, 005, 006, 007, 008, 009, 010, 011, 012, 013, 014, 015, 016, 017, 018, 019, 020, 021, 022, 023, 024, 025, 026, 027, 028, 029, 030, 031, 032 */
FULL_RAWDATA_LOWER = {
	420, 530, 535, 541, 542, 543, 544, 546, 548, 547, 557, 559, 560, 565, 566, 563, 624, 625, 632, 623, 618, 618, 618, 622, 619, 621, 623, 632, 638, 650, 678, 716,
	580, 556, 558, 560, 562, 563, 564, 566, 568, 571, 577, 579, 583, 586, 588, 586, 614, 617, 621, 637, 624, 624, 624, 629, 631, 633, 636, 643, 649, 657, 673, 707,
	585, 558, 560, 563, 565, 565, 567, 569, 570, 573, 579, 582, 586, 587, 590, 588, 612, 616, 619, 619, 623, 624, 641, 628, 629, 631, 634, 639, 643, 648, 658, 701,
	445, 575, 565, 566, 568, 568, 570, 572, 573, 576, 582, 584, 616, 590, 593, 591, 612, 615, 618, 618, 622, 622, 622, 626, 628, 629, 631, 636, 640, 643, 649, 656,
	  1, 450, 568, 591, 576, 576, 577, 579, 580, 582, 588, 591, 595, 596, 598, 596, 614, 616, 619, 619, 623, 623, 623, 627, 628, 629, 631, 635, 638, 640, 645, 647,
	  2, 436, 570, 575, 577, 578, 579, 581, 582, 585, 590, 592, 596, 597, 599, 598, 613, 635, 619, 618, 622, 623, 622, 626, 627, 628, 630, 634, 636, 638, 642, 640,
	  3, 438, 572, 578, 579, 580, 581, 583, 585, 587, 592, 594, 598, 599, 601, 600, 612, 615, 618, 618, 622, 622, 621, 626, 627, 628, 629, 633, 635, 636, 639, 635,
	  4, 440, 575, 580, 582, 583, 584, 604, 587, 589, 595, 596, 600, 601, 603, 602, 611, 615, 618, 617, 621, 622, 621, 625, 626, 627, 628, 632, 634, 635, 638, 632,
	  5, 442, 578, 583, 585, 585, 587, 588, 589, 592, 597, 599, 602, 603, 605, 604, 630, 616, 618, 617, 621, 622, 621, 625, 626, 627, 628, 632, 634, 634, 637, 629,
	  6, 445, 581, 586, 588, 607, 589, 591, 592, 594, 599, 601, 604, 605, 607, 607, 611, 615, 618, 617, 621, 622, 621, 625, 626, 627, 628, 632, 633, 634, 636, 626,
	  7, 447, 584, 589, 591, 592, 611, 594, 595, 597, 602, 604, 607, 608, 610, 609, 612, 616, 619, 618, 622, 622, 621, 626, 626, 627, 628, 632, 634, 633, 636, 624,
	  8, 466, 588, 593, 594, 595, 596, 597, 617, 600, 605, 607, 610, 611, 613, 612, 613, 617, 619, 619, 622, 623, 622, 626, 627, 628, 629, 632, 634, 634, 636, 622,
	448, 589, 592, 594, 613, 595, 596, 598, 599, 601, 605, 607, 610, 612, 614, 615, 612, 616, 619, 618, 622, 623, 622, 627, 628, 628, 629, 633, 634, 634, 636, 618,
	597, 595, 596, 597, 598, 599, 600, 601, 602, 604, 628, 611, 614, 615, 623, 622, 612, 615, 618, 617, 621, 622, 621, 625, 626, 627, 628, 632, 634, 633, 636, 612,
	596, 599, 601, 602, 603, 604, 605, 607, 608, 610, 616, 637, 623, 624, 646, 650, 611, 615, 617, 617, 621, 621, 620, 625, 626, 626, 627, 631, 632, 632, 634, 620,
	493, 612, 616, 615, 615, 613, 611, 612, 616, 613, 624, 619, 627, 646, 648, 679, 597, 592, 594, 594, 597, 598, 597, 601, 602, 603, 604, 607, 608, 608, 610, 554,
}

/*	0001, 0002, 0003, 0004, 0005, 0006, 0007, 0008, 0009, 0010, 0011, 0012, 0013, 0014, 0015, 0016, 0017, 0018, 0019, 0020, 0021, 0022, 0023, 0024, 0025, 0026, 0027, 0028, 0029, 0030, 0031, 0032 */
FULL_RAWDATA_UPPER = {
	 781,  985,  994, 1004, 1007, 1008, 1011, 1015, 1017, 1017, 1034, 1038, 1039, 1049, 1050, 1045, 1158, 1161, 1174, 1156, 1147, 1148, 1148, 1156, 1150, 1152, 1158, 1173, 1185, 1208, 1260, 1329,
	1077, 1032, 1037, 1040, 1044, 1046, 1048, 1052, 1055, 1060, 1071, 1076, 1083, 1087, 1092, 1087, 1141, 1147, 1154, 1183, 1160, 1159, 1158, 1168, 1172, 1175, 1181, 1194, 1205, 1219, 1249, 1313,
	1087, 1037, 1041, 1045, 1048, 1050, 1052, 1056, 1059, 1064, 1076, 1081, 1088, 1091, 1095, 1091, 1137, 1144, 1149, 1149, 1156, 1158, 1190, 1167, 1168, 1171, 1178, 1187, 1195, 1203, 1222, 1302,
	 826, 1068, 1048, 1050, 1054, 1055, 1058, 1061, 1065, 1070, 1081, 1085, 1145, 1096, 1101, 1097, 1136, 1143, 1148, 1148, 1155, 1156, 1155, 1163, 1166, 1168, 1173, 1182, 1188, 1193, 1206, 1219,
	   1,  836, 1056, 1097, 1069, 1069, 1071, 1075, 1077, 1082, 1093, 1097, 1105, 1106, 1110, 1106, 1140, 1145, 1150, 1149, 1157, 1158, 1156, 1164, 1167, 1168, 1172, 1180, 1185, 1188, 1198, 1201,
	   2,  809, 1058, 1068, 1072, 1073, 1075, 1079, 1082, 1086, 1096, 1100, 1107, 1109, 1113, 1110, 1138, 1179, 1150, 1148, 1156, 1157, 1155, 1163, 1165, 1167, 1170, 1177, 1182, 1184, 1191, 1189,
	   3,  814, 1063, 1073, 1076, 1077, 1080, 1082, 1086, 1090, 1100, 1104, 1110, 1112, 1116, 1114, 1137, 1143, 1148, 1147, 1154, 1156, 1154, 1162, 1164, 1166, 1168, 1175, 1179, 1181, 1187, 1180,
	   4,  817, 1067, 1078, 1081, 1082, 1085, 1121, 1091, 1094, 1104, 1108, 1114, 1116, 1120, 1118, 1136, 1142, 1147, 1146, 1154, 1155, 1153, 1161, 1163, 1165, 1167, 1174, 1178, 1179, 1185, 1173,
	   5,  821, 1073, 1083, 1086, 1087, 1089, 1092, 1095, 1099, 1109, 1112, 1118, 1120, 1124, 1122, 1171, 1144, 1148, 1146, 1153, 1155, 1153, 1161, 1163, 1164, 1167, 1174, 1177, 1178, 1183, 1168,
	   6,  826, 1079, 1089, 1092, 1127, 1095, 1097, 1100, 1104, 1113, 1117, 1123, 1124, 1128, 1127, 1135, 1143, 1148, 1147, 1154, 1155, 1153, 1161, 1163, 1164, 1167, 1173, 1176, 1177, 1182, 1163,
	   7,  830, 1085, 1095, 1097, 1099, 1135, 1103, 1105, 1109, 1119, 1122, 1127, 1129, 1133, 1132, 1137, 1144, 1149, 1147, 1154, 1156, 1154, 1162, 1163, 1165, 1167, 1173, 1177, 1176, 1181, 1158,
	   8,  866, 1092, 1101, 1103, 1104, 1106, 1109, 1146, 1115, 1124, 1127, 1133, 1134, 1138, 1137, 1139, 1146, 1150, 1149, 1156, 1156, 1155, 1163, 1164, 1166, 1168, 1174, 1177, 1177, 1181, 1154,
	 831, 1093, 1099, 1103, 1139, 1106, 1107, 1110, 1112, 1115, 1124, 1128, 1134, 1136, 1140, 1142, 1137, 1144, 1150, 1149, 1156, 1157, 1155, 1164, 1166, 1167, 1169, 1176, 1178, 1177, 1181, 1149,
	1109, 1105, 1106, 1109, 1111, 1112, 1114, 1116, 1118, 1121, 1166, 1134, 1140, 1142, 1156, 1155, 1136, 1143, 1147, 1146, 1153, 1154, 1153, 1161, 1163, 1165, 1167, 1174, 1177, 1176, 1180, 1137,
	1107, 1113, 1115, 1118, 1120, 1122, 1123, 1127, 1129, 1133, 1144, 1182, 1158, 1158, 1199, 1207, 1135, 1142, 1147, 1146, 1153, 1154, 1152, 1160, 1162, 1163, 1165, 1172, 1174, 1174, 1177, 1151,
	 916, 1136, 1144, 1142, 1143, 1138, 1135, 1136, 1144, 1138, 1158, 1150, 1165, 1199, 1204, 1261, 1109, 1099, 1104, 1102, 1109, 1110, 1108, 1116, 1118, 1120, 1121, 1128, 1130, 1129, 1133, 1029,
}
/* ============================== */


/* ========== LPWG Full Raw Capacitance ========== */
/*	001, 002, 003, 004, 005, 006, 007, 008, 009, 010, 011, 012, 013, 014, 015, 016, 017, 018, 019, 020, 021, 022, 023, 024, 025, 026, 027, 028, 029, 030, 031, 032 */
LPWG_FULL_RAWDATA_LOWER = {
	420, 530, 535, 541, 542, 543, 544, 546, 548, 547, 557, 559, 560, 565, 566, 563, 624, 625, 632, 623, 618, 618, 618, 622, 619, 621, 623, 632, 638, 650, 678, 716,
	580, 556, 558, 560, 562, 563, 564, 566, 568, 571, 577, 579, 583, 586, 588, 586, 614, 617, 621, 637, 624, 624, 624, 629, 631, 633, 636, 643, 649, 657, 673, 707,
	585, 558, 560, 563, 565, 565, 567, 569, 570, 573, 579, 582, 586, 587, 590, 588, 612, 616, 619, 619, 623, 624, 641, 628, 629, 631, 634, 639, 643, 648, 658, 701,
	445, 575, 565, 566, 568, 568, 570, 572, 573, 576, 582, 584, 616, 590, 593, 591, 612, 615, 618, 618, 622, 622, 622, 626, 628, 629, 631, 636, 640, 643, 649, 656,
	  1, 450, 568, 591, 576, 576, 577, 579, 580, 582, 588, 591, 595, 596, 598, 596, 614, 616, 619, 619, 623, 623, 623, 627, 628, 629, 631, 635, 638, 640, 645, 647,
	  2, 436, 570, 575, 577, 578, 579, 581, 582, 585, 590, 592, 596, 597, 599, 598, 613, 635, 619, 618, 622, 623, 622, 626, 627, 628, 630, 634, 636, 638, 642, 640,
	  3, 438, 572, 578, 579, 580, 581, 583, 585, 587, 592, 594, 598, 599, 601, 600, 612, 615, 618, 618, 622, 622, 621, 626, 627, 628, 629, 633, 635, 636, 639, 635,
	  4, 440, 575, 580, 582, 583, 584, 604, 587, 589, 595, 596, 600, 601, 603, 602, 611, 615, 618, 617, 621, 622, 621, 625, 626, 627, 628, 632, 634, 635, 638, 632,
	  5, 442, 578, 583, 585, 585, 587, 588, 589, 592, 597, 599, 602, 603, 605, 604, 630, 616, 618, 617, 621, 622, 621, 625, 626, 627, 628, 632, 634, 634, 637, 629,
	  6, 445, 581, 586, 588, 607, 589, 591, 592, 594, 599, 601, 604, 605, 607, 607, 611, 615, 618, 617, 621, 622, 621, 625, 626, 627, 628, 632, 633, 634, 636, 626,
	  7, 447, 584, 589, 591, 592, 611, 594, 595, 597, 602, 604, 607, 608, 610, 609, 612, 616, 619, 618, 622, 622, 621, 626, 626, 627, 628, 632, 634, 633, 636, 624,
	  8, 466, 588, 593, 594, 595, 596, 597, 617, 600, 605, 607, 610, 611, 613, 612, 613, 617, 619, 619, 622, 623, 622, 626, 627, 628, 629, 632, 634, 634, 636, 622,
	448, 589, 592, 594, 613, 595, 596, 598, 599, 601, 605, 607, 610, 612, 614, 615, 612, 616, 619, 618, 622, 623, 622, 627, 628, 628, 629, 633, 634, 634, 636, 618,
	597, 595, 596, 597, 598, 599, 600, 601, 602, 604, 628, 611, 614, 615, 623, 622, 612, 615, 618, 617, 621, 622, 621, 625, 626, 627, 628, 632, 634, 633, 636, 612,
	596, 599, 601, 602, 603, 604, 605, 607, 608, 610, 616, 637, 623, 624, 646, 650, 611, 615, 617, 617, 621, 621, 620, 625, 626, 626, 627, 631, 632, 632, 634, 620,
	493, 612, 616, 615, 615, 613, 611, 612, 616, 613, 624, 619, 627, 646, 648, 679, 597, 592, 594, 594, 597, 598, 597, 601, 602, 603, 604, 607, 608, 608, 610, 554,
}

/*	0001, 0002, 0003, 0004, 0005, 0006, 0007, 0008, 0009, 0010, 0011, 0012, 0013, 0014, 0015, 0016, 0017, 0018, 0019, 0020, 0021, 0022, 0023, 0024, 0025, 0026, 0027, 0028, 0029, 0030, 0031, 0032 */
LPWG_FULL_RAWDATA_UPPER = {
	 781,  985,  994, 1004, 1007, 1008, 1011, 1015, 1017, 1017, 1034, 1038, 1039, 1049, 1050, 1045, 1158, 1161, 1174, 1156, 1147, 1148, 1148, 1156, 1150, 1152, 1158, 1173, 1185, 1208, 1260, 1329,
	1077, 1032, 1037, 1040, 1044, 1046, 1048, 1052, 1055, 1060, 1071, 1076, 1083, 1087, 1092, 1087, 1141, 1147, 1154, 1183, 1160, 1159, 1158, 1168, 1172, 1175, 1181, 1194, 1205, 1219, 1249, 1313,
	1087, 1037, 1041, 1045, 1048, 1050, 1052, 1056, 1059, 1064, 1076, 1081, 1088, 1091, 1095, 1091, 1137, 1144, 1149, 1149, 1156, 1158, 1190, 1167, 1168, 1171, 1178, 1187, 1195, 1203, 1222, 1302,
	 826, 1068, 1048, 1050, 1054, 1055, 1058, 1061, 1065, 1070, 1081, 1085, 1145, 1096, 1101, 1097, 1136, 1143, 1148, 1148, 1155, 1156, 1155, 1163, 1166, 1168, 1173, 1182, 1188, 1193, 1206, 1219,
	   1,  836, 1056, 1097, 1069, 1069, 1071, 1075, 1077, 1082, 1093, 1097, 1105, 1106, 1110, 1106, 1140, 1145, 1150, 1149, 1157, 1158, 1156, 1164, 1167, 1168, 1172, 1180, 1185, 1188, 1198, 1201,
	   2,  809, 1058, 1068, 1072, 1073, 1075, 1079, 1082, 1086, 1096, 1100, 1107, 1109, 1113, 1110, 1138, 1179, 1150, 1148, 1156, 1157, 1155, 1163, 1165, 1167, 1170, 1177, 1182, 1184, 1191, 1189,
	   3,  814, 1063, 1073, 1076, 1077, 1080, 1082, 1086, 1090, 1100, 1104, 1110, 1112, 1116, 1114, 1137, 1143, 1148, 1147, 1154, 1156, 1154, 1162, 1164, 1166, 1168, 1175, 1179, 1181, 1187, 1180,
	   4,  817, 1067, 1078, 1081, 1082, 1085, 1121, 1091, 1094, 1104, 1108, 1114, 1116, 1120, 1118, 1136, 1142, 1147, 1146, 1154, 1155, 1153, 1161, 1163, 1165, 1167, 1174, 1178, 1179, 1185, 1173,
	   5,  821, 1073, 1083, 1086, 1087, 1089, 1092, 1095, 1099, 1109, 1112, 1118, 1120, 1124, 1122, 1171, 1144, 1148, 1146, 1153, 1155, 1153, 1161, 1163, 1164, 1167, 1174, 1177, 1178, 1183, 1168,
	   6,  826, 1079, 1089, 1092, 1127, 1095, 1097, 1100, 1104, 1113, 1117, 1123, 1124, 1128, 1127, 1135, 1143, 1148, 1147, 1154, 1155, 1153, 1161, 1163, 1164, 1167, 1173, 1176, 1177, 1182, 1163,
	   7,  830, 1085, 1095, 1097, 1099, 1135, 1103, 1105, 1109, 1119, 1122, 1127, 1129, 1133, 1132, 1137, 1144, 1149, 1147, 1154, 1156, 1154, 1162, 1163, 1165, 1167, 1173, 1177, 1176, 1181, 1158,
	   8,  866, 1092, 1101, 1103, 1104, 1106, 1109, 1146, 1115, 1124, 1127, 1133, 1134, 1138, 1137, 1139, 1146, 1150, 1149, 1156, 1156, 1155, 1163, 1164, 1166, 1168, 1174, 1177, 1177, 1181, 1154,
	 831, 1093, 1099, 1103, 1139, 1106, 1107, 1110, 1112, 1115, 1124, 1128, 1134, 1136, 1140, 1142, 1137, 1144, 1150, 1149, 1156, 1157, 1155, 1164, 1166, 1167, 1169, 1176, 1178, 1177, 1181, 1149,
	1109, 1105, 1106, 1109, 1111, 1112, 1114, 1116, 1118, 1121, 1166, 1134, 1140, 1142, 1156, 1155, 1136, 1143, 1147, 1146, 1153, 1154, 1153, 1161, 1163, 1165, 1167, 1174, 1177, 1176, 1180, 1137,
	1107, 1113, 1115, 1118, 1120, 1122, 1123, 1127, 1129, 1133, 1144, 1182, 1158, 1158, 1199, 1207, 1135, 1142, 1147, 1146, 1153, 1154, 1152, 1160, 1162, 1163, 1165, 1172, 1174, 1174, 1177, 1151,
	 916, 1136, 1144, 1142, 1143, 1138, 1135, 1136, 1144, 1138, 1158, 1150, 1165, 1199, 1204, 1261, 1109, 1099, 1104, 1102, 1109, 1110, 1108, 1116, 1118, 1120, 1121, 1128, 1130, 1129, 1133, 1029,
}
/* ============================== */


/* ========== Jitter ========== */
JITTER_LOWER = {
	-25,
}
JITTER_UPPER = {
	25,
}
LPWG_JITTER_LOWER = {
	-25,
}
LPWG_JITTER_UPPER = {
	25,
}
/* ================================= */


/* ========== Hybrid Abs Rawdata ========== */
HYBRID_ABS_RX_RAWDATA_LOWER = {
	16428, 24418, 25150, 24859, 24798, 24654, 24574, 24476, 24351, 24227, 24288, 24027, 24291, 23911, 23797, 23673, 26072, 26130, 25589, 25386, 24886, 24689, 25131, 24368, 24407, 24203, 24657, 24041, 24040, 23956, 23864, 23679,
}
HYBRID_ABS_RX_RAWDATA_UPPER = {
	30509, 45348, 46707, 46166, 46053, 45786, 45637, 45455, 45223, 44992, 45107, 44621, 45113, 44407, 44194, 43964, 48419, 48526, 47523, 47146, 46218, 45851, 46671, 45254, 45328, 44949, 45792, 44647, 44646, 44490, 44319, 43975,
}
HYBRID_ABS_TX_RAWDATA_LOWER = {
	47360, 47752, 47811, 47482, 45777, 45772, 45746, 45702, 45520, 45549, 45393, 45283, 46830, 47039, 47161, 46531,
}
}
HYBRID_ABS_TX_RAWDATA_UPPER = {
	87955, 88683, 88793, 88182, 85014, 85005, 84957, 84875, 84538, 84591, 84302, 84097, 86970, 87359, 87586, 86416,
}
/* ================================= */


/* ========== Trx short Limit ========== */
TRX_SHORT_LIMIT = {
	0, 0, 0, 0, 3, 0, 0, 0,
}
EXTENDED_TRX_SHORT_LIMIT = {
	200, 2000,
}
/* ================================= */


/* ========== High Resistance ========== */
HIGH_RESISTANCE_NOTCH_LOWER = {
	100,
}
HIGH_RESISTANCE_NOTCH_UPPER = {
	700,

HIGH_RESISTANCE_LOWER = {
	-400,
}
HIGH_RESISTANCE_UPPER = {
	400,
}
/* ================================= */
