/* ========== Full Raw Capacitance ========== */
/*	001, 002, 003, 004, 005, 006, 007, 008, 009, 010, 011, 012, 013, 014, 015, 016, 017, 018, 019, 020, 021, 022, 023, 024, 025, 026, 027, 028, 029, 030, 031 */
FULL_RAWDATA_LOWER = {
	582, 585, 589, 587, 591, 590, 592, 593, 593, 597, 599, 599, 603, 603, 601, 653, 647, 644, 645, 643, 641, 639, 642, 640, 646, 646, 652, 661, 684, 699, 734,
	608, 608, 610, 610, 612, 613, 613, 614, 616, 618, 620, 622, 624, 625, 623, 639, 641, 641, 644, 644, 645, 644, 649, 650, 655, 657, 663, 681, 675, 690, 726,
	609, 609, 611, 611, 613, 614, 614, 615, 617, 619, 621, 623, 625, 626, 624, 638, 640, 640, 643, 643, 644, 643, 647, 649, 653, 654, 659, 662, 666, 689, 694,
	609, 611, 612, 612, 614, 615, 615, 616, 618, 620, 622, 624, 626, 627, 625, 637, 639, 640, 655, 642, 643, 641, 646, 647, 651, 652, 656, 658, 660, 667, 675,
	488, 612, 616, 617, 619, 619, 619, 620, 622, 624, 626, 627, 629, 630, 628, 638, 640, 640, 643, 643, 644, 641, 645, 647, 664, 651, 654, 656, 657, 662, 665,
	472, 613, 618, 618, 620, 621, 620, 621, 623, 625, 627, 628, 630, 631, 629, 637, 640, 640, 642, 642, 644, 655, 645, 645, 650, 651, 653, 654, 655, 659, 686,
	473, 615, 619, 619, 621, 622, 621, 622, 624, 626, 628, 629, 631, 632, 630, 637, 640, 640, 642, 656, 643, 641, 644, 644, 648, 650, 652, 653, 653, 656, 655,
	488, 616, 620, 620, 622, 623, 623, 624, 625, 627, 629, 658, 632, 633, 632, 637, 639, 639, 642, 642, 643, 641, 644, 643, 647, 649, 651, 652, 652, 655, 650,
	476, 618, 635, 622, 624, 624, 624, 625, 627, 628, 630, 633, 633, 634, 633, 637, 640, 640, 642, 642, 643, 641, 643, 643, 647, 648, 651, 651, 651, 654, 647,
	477, 619, 623, 623, 625, 626, 625, 640, 628, 630, 631, 633, 634, 635, 634, 637, 640, 640, 642, 642, 643, 641, 644, 643, 646, 647, 650, 651, 651, 653, 644,
	478, 621, 625, 625, 627, 628, 641, 628, 630, 631, 633, 634, 636, 637, 636, 637, 640, 640, 642, 642, 643, 641, 644, 643, 646, 647, 650, 650, 650, 652, 641,
	497, 623, 627, 627, 628, 629, 629, 630, 631, 633, 634, 636, 637, 638, 638, 651, 640, 640, 643, 642, 643, 641, 644, 644, 648, 648, 650, 650, 650, 652, 639,
	627, 626, 628, 627, 643, 630, 629, 630, 632, 633, 635, 636, 638, 639, 638, 638, 640, 640, 643, 643, 644, 642, 644, 644, 648, 648, 650, 650, 650, 652, 636,
	629, 628, 630, 629, 631, 632, 631, 632, 634, 649, 637, 639, 640, 647, 645, 637, 640, 639, 642, 642, 643, 641, 644, 643, 646, 646, 648, 649, 649, 651, 629,
	633, 632, 633, 633, 635, 636, 637, 638, 640, 642, 658, 647, 649, 669, 672, 637, 639, 640, 642, 642, 643, 641, 643, 643, 646, 646, 647, 648, 648, 650, 637,
	649, 651, 649, 648, 646, 645, 644, 644, 644, 645, 647, 651, 667, 671, 700, 624, 617, 617, 619, 619, 620, 618, 621, 620, 623, 623, 624, 625, 624, 626, 568,
}

/*	0001, 0002, 0003, 0004, 0005, 0006, 0007, 0008, 0009, 0010, 0011, 0012, 0013, 0014, 0015, 0016, 0017, 0018, 0019, 0020, 0021, 0022, 0023, 0024, 0025, 0026, 0027, 0028, 0029, 0030, 0031 */
FULL_RAWDATA_UPPER = {
	1080, 1087, 1094, 1091, 1098, 1096, 1099, 1102, 1102, 1109, 1113, 1113, 1120, 1120, 1116, 1212, 1201, 1195, 1199, 1195, 1191, 1187, 1192, 1189, 1200, 1200, 1211, 1227, 1270, 1298, 1363,
	1128, 1129, 1132, 1133, 1137, 1138, 1138, 1140, 1144, 1148, 1152, 1155, 1159, 1162, 1158, 1187, 1191, 1191, 1196, 1196, 1198, 1197, 1206, 1208, 1216, 1221, 1231, 1264, 1254, 1282, 1348,
	1131, 1132, 1134, 1135, 1139, 1140, 1140, 1142, 1146, 1150, 1154, 1157, 1160, 1163, 1159, 1184, 1189, 1189, 1193, 1194, 1196, 1193, 1203, 1205, 1212, 1215, 1223, 1230, 1237, 1279, 1288,
	1130, 1134, 1137, 1137, 1141, 1143, 1142, 1144, 1148, 1152, 1155, 1159, 1162, 1165, 1161, 1183, 1187, 1188, 1217, 1193, 1195, 1191, 1199, 1202, 1209, 1211, 1218, 1222, 1227, 1238, 1254,
	907, 1137, 1145, 1145, 1149, 1150, 1150, 1152, 1155, 1158, 1162, 1165, 1168, 1170, 1167, 1184, 1189, 1189, 1194, 1194, 1196, 1191, 1199, 1201, 1233, 1210, 1215, 1218, 1221, 1229, 1236,
	877, 1139, 1147, 1147, 1151, 1153, 1152, 1154, 1157, 1160, 1164, 1167, 1170, 1172, 1169, 1183, 1189, 1189, 1193, 1193, 1195, 1216, 1197, 1198, 1207, 1209, 1213, 1215, 1217, 1223, 1275,
	878, 1141, 1149, 1150, 1153, 1154, 1154, 1156, 1159, 1162, 1166, 1168, 1171, 1173, 1170, 1183, 1188, 1188, 1192, 1217, 1195, 1190, 1196, 1196, 1204, 1207, 1211, 1212, 1214, 1219, 1216,
	906, 1145, 1151, 1152, 1156, 1157, 1157, 1158, 1161, 1165, 1168, 1222, 1173, 1175, 1173, 1183, 1188, 1188, 1192, 1192, 1194, 1190, 1195, 1195, 1202, 1205, 1209, 1211, 1211, 1216, 1207,
	884, 1148, 1180, 1155, 1159, 1160, 1159, 1160, 1164, 1167, 1170, 1175, 1176, 1177, 1175, 1183, 1188, 1188, 1192, 1192, 1194, 1190, 1195, 1194, 1201, 1203, 1209, 1210, 1210, 1214, 1201,
	886, 1150, 1158, 1158, 1161, 1163, 1162, 1189, 1167, 1170, 1173, 1175, 1178, 1180, 1178, 1183, 1188, 1188, 1193, 1193, 1194, 1190, 1195, 1194, 1200, 1202, 1208, 1209, 1209, 1213, 1196,
	888, 1154, 1161, 1161, 1164, 1166, 1190, 1167, 1169, 1172, 1175, 1178, 1181, 1182, 1181, 1183, 1188, 1188, 1193, 1193, 1194, 1190, 1195, 1195, 1200, 1202, 1207, 1208, 1208, 1211, 1191,
	923, 1157, 1164, 1164, 1167, 1169, 1168, 1169, 1172, 1175, 1178, 1181, 1183, 1185, 1184, 1209, 1189, 1189, 1193, 1193, 1195, 1190, 1196, 1196, 1203, 1203, 1207, 1207, 1207, 1211, 1187,
	1164, 1163, 1166, 1165, 1193, 1169, 1169, 1170, 1173, 1176, 1179, 1182, 1185, 1186, 1185, 1184, 1189, 1189, 1194, 1194, 1196, 1191, 1197, 1196, 1203, 1203, 1207, 1208, 1207, 1211, 1181,
	1169, 1167, 1170, 1169, 1172, 1173, 1173, 1174, 1177, 1205, 1183, 1187, 1189, 1201, 1198, 1182, 1188, 1188, 1192, 1193, 1195, 1190, 1195, 1195, 1200, 1200, 1204, 1205, 1205, 1209, 1168,
	1175, 1174, 1176, 1176, 1179, 1182, 1183, 1184, 1188, 1192, 1221, 1202, 1204, 1243, 1248, 1182, 1188, 1188, 1192, 1192, 1194, 1190, 1195, 1194, 1199, 1199, 1202, 1203, 1203, 1206, 1183,
	1206, 1208, 1205, 1203, 1200, 1198, 1196, 1196, 1196, 1199, 1202, 1209, 1238, 1245, 1299, 1159, 1146, 1145, 1150, 1150, 1152, 1147, 1153, 1152, 1157, 1156, 1159, 1160, 1160, 1162, 1055,
}
/* ============================== */


/* ========== LPWG Full Raw Capacitance ========== Not used */
/*	001, 002, 003, 004, 005, 006, 007, 008, 009, 010, 011, 012, 013, 014, 015, 016, 017, 018, 019, 020, 021, 022, 023, 024, 025, 026, 027, 028, 029, 030, 031, 032, 033, 034 */
LPWG_FULL_RAWDATA_LOWER = {
	491, 594, 600, 606, 605, 610, 613, 612, 613, 618, 622, 621, 625, 623, 627, 628, 649, 674, 671, 673, 664, 671, 675, 674, 674, 675, 679, 680, 684, 685, 690, 698, 710, 624,
	622, 620, 625, 630, 629, 634, 636, 635, 637, 642, 646, 644, 648, 646, 651, 652, 654, 671, 672, 676, 669, 678, 683, 682, 684, 686, 708, 693, 697, 699, 704, 710, 718, 717,
	628, 624, 628, 634, 633, 638, 641, 639, 640, 645, 649, 648, 651, 650, 655, 655, 657, 672, 674, 677, 671, 679, 684, 684, 685, 704, 691, 693, 697, 699, 703, 708, 714, 707,
	630, 627, 631, 637, 636, 641, 643, 642, 643, 648, 652, 650, 654, 653, 657, 657, 660, 672, 674, 695, 671, 679, 684, 684, 686, 686, 691, 693, 697, 698, 702, 706, 711, 700,
	631, 630, 635, 640, 639, 644, 646, 645, 646, 651, 655, 653, 657, 655, 660, 660, 662, 673, 675, 678, 672, 698, 685, 685, 686, 687, 692, 693, 698, 698, 701, 705, 709, 696,
	556, 634, 638, 644, 642, 648, 650, 648, 649, 654, 658, 656, 660, 658, 662, 662, 665, 678, 696, 681, 674, 682, 686, 686, 687, 688, 692, 694, 698, 698, 701, 705, 708, 692,
	  0, 642, 645, 652, 650, 655, 657, 656, 657, 661, 665, 663, 666, 664, 669, 668, 671, 677, 679, 682, 677, 685, 691, 690, 692, 694, 698, 699, 702, 702, 704, 706, 709, 691,
	  0, 626, 648, 654, 653, 658, 660, 658, 659, 663, 667, 665, 668, 667, 671, 671, 673, 677, 679, 682, 675, 683, 687, 704, 688, 689, 693, 694, 698, 699, 703, 707, 711, 693,
	  0, 628, 650, 657, 655, 660, 662, 660, 661, 665, 668, 667, 670, 685, 673, 672, 675, 677, 679, 682, 675, 684, 687, 687, 688, 688, 692, 693, 697, 697, 699, 702, 704, 684,
	  0, 628, 667, 657, 655, 660, 662, 660, 661, 666, 669, 668, 671, 670, 676, 677, 683, 676, 678, 681, 674, 682, 686, 686, 687, 688, 691, 693, 696, 696, 699, 701, 704, 684,
	  0, 629, 650, 657, 656, 662, 665, 664, 666, 670, 674, 672, 692, 673, 677, 676, 680, 674, 676, 679, 672, 680, 684, 684, 686, 686, 690, 691, 695, 695, 697, 700, 703, 684,
	564, 645, 648, 671, 651, 656, 658, 656, 657, 661, 665, 663, 667, 666, 671, 672, 677, 668, 671, 674, 668, 677, 681, 681, 682, 683, 687, 689, 692, 693, 695, 698, 702, 683,
	637, 641, 644, 650, 648, 653, 656, 654, 656, 660, 664, 680, 666, 666, 671, 672, 678, 665, 669, 672, 666, 674, 678, 678, 680, 681, 685, 687, 691, 691, 694, 698, 701, 684,
	654, 640, 643, 649, 647, 652, 655, 654, 655, 660, 664, 663, 667, 666, 671, 673, 681, 663, 666, 670, 663, 672, 676, 677, 679, 680, 684, 685, 690, 690, 693, 696, 700, 684,
	636, 639, 643, 648, 647, 652, 654, 653, 654, 659, 663, 662, 667, 666, 672, 676, 686, 661, 664, 667, 678, 670, 675, 675, 676, 678, 682, 684, 688, 689, 691, 695, 699, 683,
	632, 639, 642, 647, 646, 651, 653, 652, 654, 659, 663, 662, 667, 667, 675, 680, 698, 675, 660, 664, 658, 666, 672, 672, 673, 675, 679, 681, 685, 686, 689, 693, 696, 680,
	548, 649, 653, 658, 655, 659, 661, 660, 661, 665, 669, 668, 673, 675, 685, 698, 746, 632, 635, 638, 632, 641, 645, 645, 647, 648, 652, 654, 658, 676, 661, 666, 670, 558,
}

/*	0001, 0002, 0003, 0004, 0005, 0006, 0007, 0008, 0009, 0010, 0011, 0012, 0013, 0014, 0015, 0016, 0017, 0018, 0019, 0020, 0021, 0022, 0023, 0024, 0025, 0026, 0027, 0028, 0029, 0030, 0031, 0032, 0033, 0034 */
LPWG_FULL_RAWDATA_UPPER = {
	 854, 1034, 1045, 1054, 1052, 1062, 1066, 1064, 1066, 1075, 1082, 1080, 1087, 1084, 1092, 1093, 1129, 1173, 1167, 1171, 1156, 1168, 1174, 1172, 1173, 1174, 1180, 1184, 1190, 1192, 1201, 1214, 1236, 1085,
	1082, 1079, 1086, 1096, 1094, 1103, 1107, 1105, 1108, 1116, 1123, 1120, 1127, 1124, 1133, 1134, 1138, 1167, 1170, 1175, 1164, 1179, 1188, 1187, 1191, 1193, 1231, 1206, 1213, 1216, 1225, 1235, 1250, 1247,
	1093, 1086, 1093, 1102, 1101, 1110, 1114, 1112, 1114, 1122, 1129, 1126, 1133, 1130, 1139, 1140, 1144, 1169, 1173, 1177, 1167, 1181, 1189, 1189, 1192, 1225, 1203, 1206, 1213, 1216, 1222, 1232, 1242, 1230,
	1096, 1091, 1098, 1108, 1106, 1115, 1119, 1117, 1119, 1127, 1134, 1131, 1138, 1135, 1143, 1144, 1148, 1169, 1173, 1208, 1167, 1182, 1190, 1190, 1193, 1194, 1203, 1206, 1213, 1215, 1221, 1229, 1237, 1219,
	1098, 1097, 1104, 1113, 1111, 1120, 1124, 1122, 1124, 1132, 1139, 1136, 1142, 1139, 1148, 1148, 1152, 1171, 1175, 1180, 1169, 1214, 1191, 1191, 1194, 1195, 1203, 1206, 1214, 1214, 1220, 1226, 1234, 1210,
	 968, 1103, 1109, 1120, 1117, 1127, 1130, 1128, 1129, 1137, 1144, 1141, 1147, 1144, 1152, 1153, 1157, 1179, 1211, 1185, 1173, 1187, 1193, 1193, 1196, 1197, 1204, 1207, 1214, 1215, 1220, 1226, 1232, 1203,
	   0, 1116, 1123, 1135, 1131, 1140, 1144, 1141, 1142, 1150, 1156, 1153, 1158, 1155, 1163, 1163, 1167, 1177, 1181, 1187, 1177, 1192, 1201, 1201, 1205, 1207, 1214, 1216, 1222, 1221, 1225, 1229, 1233, 1202,
	   0, 1089, 1127, 1138, 1136, 1144, 1148, 1145, 1147, 1154, 1160, 1157, 1162, 1160, 1167, 1167, 1171, 1178, 1181, 1186, 1174, 1189, 1195, 1225, 1197, 1198, 1205, 1208, 1214, 1216, 1223, 1230, 1237, 1206,
	   0, 1093, 1131, 1142, 1139, 1148, 1151, 1148, 1150, 1157, 1163, 1160, 1165, 1192, 1170, 1169, 1174, 1178, 1182, 1186, 1175, 1189, 1196, 1195, 1197, 1198, 1204, 1206, 1213, 1212, 1216, 1221, 1225, 1190,
	   0, 1093, 1161, 1142, 1139, 1148, 1151, 1148, 1150, 1158, 1164, 1162, 1168, 1166, 1175, 1179, 1188, 1176, 1180, 1185, 1173, 1187, 1193, 1193, 1195, 1196, 1203, 1205, 1211, 1211, 1216, 1220, 1224, 1190,
	   0, 1094, 1131, 1143, 1142, 1152, 1156, 1156, 1158, 1166, 1172, 1169, 1204, 1170, 1177, 1177, 1183, 1172, 1176, 1181, 1169, 1184, 1191, 1190, 1193, 1193, 1200, 1203, 1209, 1209, 1213, 1218, 1223, 1189,
	 982, 1122, 1127, 1167, 1133, 1141, 1144, 1142, 1143, 1151, 1157, 1154, 1161, 1159, 1168, 1169, 1177, 1163, 1168, 1173, 1162, 1177, 1185, 1184, 1187, 1188, 1195, 1198, 1205, 1206, 1210, 1215, 1220, 1188,
	1109, 1115, 1121, 1131, 1128, 1137, 1140, 1139, 1141, 1149, 1155, 1184, 1160, 1159, 1167, 1169, 1179, 1158, 1163, 1169, 1158, 1173, 1180, 1180, 1183, 1185, 1193, 1195, 1202, 1202, 1208, 1214, 1219, 1190,
	1138, 1114, 1119, 1129, 1126, 1135, 1139, 1137, 1140, 1148, 1155, 1153, 1160, 1158, 1167, 1171, 1184, 1154, 1159, 1165, 1154, 1169, 1177, 1177, 1181, 1182, 1190, 1192, 1200, 1201, 1206, 1211, 1217, 1190,
	1106, 1112, 1118, 1127, 1125, 1134, 1138, 1136, 1138, 1147, 1154, 1152, 1160, 1159, 1170, 1175, 1194, 1150, 1155, 1161, 1180, 1165, 1173, 1174, 1177, 1179, 1187, 1190, 1197, 1198, 1203, 1209, 1215, 1189,
	1099, 1111, 1117, 1126, 1123, 1132, 1136, 1134, 1137, 1146, 1153, 1152, 1161, 1161, 1174, 1183, 1214, 1175, 1149, 1155, 1144, 1159, 1169, 1168, 1172, 1174, 1182, 1185, 1192, 1193, 1199, 1205, 1212, 1182,
	 954, 1129, 1136, 1144, 1139, 1147, 1150, 1148, 1150, 1157, 1163, 1163, 1171, 1175, 1192, 1213, 1298, 1100, 1104, 1111, 1100, 1115, 1122, 1122, 1125, 1127, 1135, 1138, 1145, 1176, 1151, 1159, 1165,  971,
}
/* ============================== */


/* ========== Jitter ========== */
JITTER_LOWER = {
	-25,
}
JITTER_UPPER = {
	25,
}
LPWG_JITTER_LOWER = {
	-20,
}
LPWG_JITTER_UPPER = {
	20,
}
/* ================================= */


/* ========== Hybrid Abs Rawdata ========== */
HYBRID_ABS_RX_RAWDATA_LOWER = {
	25040, 25557, 25242, 25180, 25043, 24941, 24863, 24775, 24698, 24671, 24636, 24800, 24349, 24178, 24141, 26418, 26280, 26204, 25360, 25682, 25085, 25565, 24761, 24774, 24630, 24990, 24473, 24498, 24407, 24382, 24238,
}
HYBRID_ABS_RX_RAWDATA_UPPER = {
	46503, 47463, 46877, 46763, 46508, 46320, 46175, 46011, 45868, 45818, 45753, 46057, 45219, 44903, 44834, 49063, 48807, 48664, 47096, 47695, 46586, 47479, 45985, 46009, 45742, 46410, 45449, 45496, 45328, 45281, 45013,
}
HYBRID_ABS_TX_RAWDATA_LOWER = {
	48256, 48045, 48109, 47830, 46133, 46359, 46158, 46260, 46015, 45682, 46379, 46095, 47677, 47670, 47817, 47708,
}
HYBRID_ABS_TX_RAWDATA_UPPER = {
	89618, 89227, 89344, 88827, 85676, 86095, 85722, 85911, 85456, 84838, 86132, 85605, 88543, 88530, 88803, 88601,
}
/* ================================= */


/* ========== Trx short Limit ========== */
TRX_SHORT_LIMIT = {
	0, 0, 0, 0, 3, 0, 0, 0,
}
EXTENDED_TRX_SHORT_LIMIT = {
	200, 2000,
}
/* ================================= */


/* ========== High Resistance ========== */
HIGH_RESISTANCE_LOWER = {
	-400,
}
HIGH_RESISTANCE_UPPER = {
	400,
}
/* ================================= */
