/* ========== Full Raw Capacitance ========== */
/*	001, 002, 003, 004, 005, 006, 007, 008, 009, 010, 011, 012, 013, 014, 015, 016, 017, 018, 019, 020, 021, 022, 023, 024, 025, 026, 027, 028, 029, 030, 031, 032 */
FULL_RAWDATA_LOWER = { 
	342, 523, 529, 528, 529, 531, 530, 529, 529, 531, 531, 531, 533, 532, 539, 536, 537, 539, 551, 540, 544, 552, 554, 559, 562, 568, 574, 580, 583, 585, 591, 594, 594, 471,
	536, 579, 550, 550, 551, 552, 552, 550, 551, 553, 552, 554, 555, 552, 559, 557, 557, 558, 559, 559, 564, 572, 574, 579, 584, 587, 593, 599, 603, 606, 610, 613, 625, 613,
	538, 555, 552, 552, 552, 554, 553, 552, 552, 554, 553, 556, 557, 554, 573, 559, 558, 559, 561, 561, 565, 573, 575, 580, 585, 588, 594, 599, 602, 606, 610, 613, 612, 611,
	540, 555, 553, 552, 553, 555, 554, 553, 554, 556, 554, 557, 558, 554, 561, 560, 559, 561, 561, 575, 566, 575, 576, 581, 586, 588, 594, 599, 602, 607, 610, 613, 610, 610,
	545, 557, 555, 554, 556, 558, 557, 556, 557, 559, 557, 560, 561, 557, 564, 563, 562, 577, 564, 565, 569, 576, 578, 583, 587, 590, 596, 601, 604, 634, 612, 614, 613, 610,
	547, 559, 557, 557, 557, 560, 559, 558, 559, 560, 559, 562, 563, 573, 566, 564, 564, 566, 566, 567, 571, 578, 580, 585, 589, 592, 596, 601, 604, 607, 611, 613, 612, 608,
	547, 562, 560, 559, 561, 563, 562, 561, 562, 564, 563, 565, 566, 562, 570, 568, 581, 568, 568, 570, 573, 581, 582, 587, 591, 594, 599, 603, 606, 609, 613, 615, 613, 609,
	344, 544, 562, 564, 564, 566, 566, 565, 566, 568, 566, 569, 570, 566, 573, 571, 572, 573, 573, 573, 577, 585, 585, 603, 594, 596, 601, 605, 608, 610, 614, 616, 617, 622,
	341, 552, 565, 566, 567, 569, 568, 568, 568, 571, 583, 572, 573, 569, 576, 573, 574, 575, 575, 576, 580, 587, 587, 592, 595, 597, 601, 606, 608, 610, 615, 616, 615, 608,
	601, 574, 568, 567, 568, 571, 571, 568, 571, 571, 571, 573, 574, 571, 578, 575, 576, 577, 578, 578, 581, 588, 588, 593, 596, 599, 616, 607, 609, 611, 630, 633, 615, 608,
	588, 576, 571, 571, 573, 575, 574, 573, 574, 575, 575, 577, 578, 575, 582, 579, 580, 581, 581, 582, 585, 591, 592, 595, 599, 600, 604, 622, 610, 613, 620, 624, 615, 607,
	585, 579, 575, 574, 576, 578, 578, 576, 577, 579, 578, 580, 581, 578, 585, 582, 583, 584, 585, 585, 588, 608, 594, 598, 601, 602, 606, 610, 611, 613, 617, 617, 616, 606,
	587, 582, 578, 577, 580, 581, 580, 580, 580, 582, 582, 584, 585, 581, 588, 585, 587, 588, 587, 588, 591, 597, 596, 600, 603, 618, 608, 612, 614, 616, 621, 623, 622, 608,
	587, 582, 578, 578, 580, 582, 582, 580, 582, 583, 583, 586, 587, 584, 592, 589, 590, 592, 592, 592, 595, 601, 614, 605, 608, 610, 613, 617, 619, 620, 624, 626, 625, 618,
	585, 585, 580, 580, 581, 583, 582, 580, 582, 582, 582, 584, 585, 581, 588, 586, 586, 587, 587, 589, 605, 597, 597, 601, 604, 606, 610, 615, 617, 620, 626, 627, 628, 627,
	442, 584, 582, 579, 578, 579, 577, 574, 573, 573, 579, 573, 573, 568, 575, 573, 572, 573, 572, 572, 576, 582, 580, 585, 587, 591, 593, 597, 613, 603, 617, 620, 618, 506,
}

/*	0001, 0002, 0003, 0004, 0005, 0006, 0007, 0008, 0009, 0010, 0011, 0012, 0013, 0014, 0015, 0016, 0017, 0018, 0019, 0020, 0021, 0022, 0023, 0024, 0025, 0026, 0027, 0028, 0029, 0030, 0031, 0032 */
FULL_RAWDATA_UPPER = {
	798, 971, 983, 980, 982, 987, 984, 982, 983, 985, 987, 987, 991, 988, 1001, 995, 997, 1001, 1023, 1004, 1010, 1026, 1028, 1039, 1044, 1054, 1066, 1076, 1083, 1087, 1097, 1102, 1102, 1099,
	995, 1075, 1022, 1022, 1023, 1026, 1026, 1022, 1023, 1027, 1024, 1028, 1031, 1024, 1037, 1035, 1035, 1036, 1039, 1039, 1047, 1062, 1066, 1075, 1084, 1091, 1101, 1112, 1119, 1125, 1134, 1139, 1161, 1138,
	1000, 1031, 1024, 1024, 1026, 1028, 1027, 1026, 1026, 1030, 1027, 1032, 1034, 1028, 1065, 1039, 1036, 1039, 1041, 1041, 1049, 1065, 1067, 1078, 1086, 1092, 1102, 1113, 1118, 1125, 1134, 1138, 1136, 1135,
	1004, 1031, 1027, 1026, 1027, 1031, 1030, 1027, 1030, 1032, 1030, 1035, 1036, 1030, 1043, 1040, 1039, 1041, 1043, 1069, 1052, 1067, 1070, 1079, 1088, 1092, 1104, 1113, 1118, 1127, 1134, 1138, 1134, 1132,
	1011, 1035, 1031, 1030, 1032, 1036, 1035, 1032, 1034, 1037, 1035, 1040, 1041, 1035, 1048, 1045, 1044, 1071, 1048, 1049, 1057, 1070, 1073, 1083, 1091, 1096, 1106, 1115, 1122, 1178, 1136, 1140, 1138, 1132,
	1017, 1039, 1035, 1034, 1035, 1040, 1039, 1036, 1037, 1040, 1039, 1044, 1045, 1063, 1052, 1048, 1048, 1050, 1050, 1053, 1060, 1074, 1076, 1086, 1093, 1099, 1108, 1117, 1122, 1127, 1135, 1139, 1136, 1130,
	1017, 1044, 1040, 1039, 1041, 1045, 1044, 1041, 1044, 1047, 1045, 1049, 1050, 1044, 1058, 1054, 1079, 1056, 1056, 1058, 1065, 1079, 1080, 1089, 1097, 1102, 1112, 1119, 1126, 1131, 1139, 1143, 1139, 1131,
	802, 1010, 1044, 1047, 1048, 1052, 1052, 1049, 1050, 1054, 1052, 1057, 1058, 1052, 1065, 1061, 1062, 1063, 1063, 1065, 1071, 1086, 1087, 1119, 1102, 1106, 1115, 1123, 1128, 1132, 1140, 1144, 1145, 1154,
	797, 1024, 1049, 1050, 1053, 1057, 1056, 1054, 1056, 1060, 1083, 1062, 1063, 1057, 1070, 1065, 1066, 1069, 1069, 1070, 1076, 1089, 1089, 1099, 1105, 1109, 1117, 1126, 1128, 1134, 1141, 1144, 1141, 1130,
	1115, 1066, 1056, 1053, 1056, 1061, 1060, 1056, 1060, 1061, 1061, 1065, 1066, 1061, 1074, 1069, 1070, 1071, 1073, 1074, 1079, 1092, 1092, 1101, 1108, 1112, 1144, 1127, 1131, 1135, 1170, 1175, 1141, 1128,
	1092, 1070, 1061, 1061, 1063, 1067, 1066, 1063, 1066, 1069, 1067, 1071, 1073, 1067, 1080, 1075, 1076, 1079, 1079, 1080, 1086, 1097, 1099, 1105, 1112, 1114, 1122, 1154, 1134, 1138, 1152, 1158, 1143, 1127,
	1087, 1075, 1067, 1066, 1070, 1074, 1073, 1070, 1071, 1075, 1074, 1078, 1079, 1074, 1087, 1082, 1083, 1084, 1086, 1087, 1092, 1128, 1102, 1110, 1115, 1118, 1125, 1132, 1135, 1138, 1145, 1147, 1144, 1125,
	1089, 1080, 1073, 1071, 1076, 1079, 1078, 1076, 1078, 1080, 1080, 1084, 1086, 1079, 1092, 1087, 1089, 1092, 1091, 1092, 1097, 1109, 1108, 1114, 1119, 1148, 1130, 1136, 1140, 1144, 1153, 1157, 1156, 1130,
	1091, 1082, 1074, 1073, 1076, 1080, 1080, 1078, 1080, 1083, 1083, 1088, 1091, 1084, 1099, 1093, 1096, 1099, 1099, 1100, 1105, 1117, 1140, 1123, 1128, 1132, 1139, 1147, 1149, 1152, 1160, 1162, 1161, 1148,
	1087, 1086, 1078, 1076, 1079, 1083, 1082, 1078, 1080, 1082, 1080, 1084, 1086, 1079, 1092, 1088, 1088, 1091, 1091, 1093, 1123, 1109, 1109, 1117, 1122, 1126, 1134, 1141, 1145, 1152, 1162, 1165, 1166, 1164,
	1032, 1084, 1080, 1075, 1074, 1075, 1071, 1066, 1065, 1065, 1075, 1065, 1065, 1056, 1069, 1063, 1062, 1063, 1062, 1062, 1070, 1080, 1078, 1086, 1089, 1097, 1101, 1109, 1139, 1119, 1147, 1151, 1148, 1180,
}
/* ============================== */


/* ========== LPWG Full Raw Capacitance ========== */
/*	001, 002, 003, 004, 005, 006, 007, 008, 009, 010, 011, 012, 013, 014, 015, 016, 017, 018, 019, 020, 021, 022, 023, 024, 025, 026, 027, 028, 029, 030, 031, 032 */
LPWG_FULL_RAWDATA_LOWER = {
	342, 523, 529, 528, 529, 531, 530, 529, 529, 531, 531, 531, 533, 532, 539, 536, 537, 539, 551, 540, 544, 552, 554, 559, 562, 568, 574, 580, 583, 585, 591, 594, 594, 471,
	536, 579, 550, 550, 551, 552, 552, 550, 551, 553, 552, 554, 555, 552, 559, 557, 557, 558, 559, 559, 564, 572, 574, 579, 584, 587, 593, 599, 603, 606, 610, 613, 625, 613,
	538, 555, 552, 552, 552, 554, 553, 552, 552, 554, 553, 556, 557, 554, 573, 559, 558, 559, 561, 561, 565, 573, 575, 580, 585, 588, 594, 599, 602, 606, 610, 613, 612, 611,
	540, 555, 553, 552, 553, 555, 554, 553, 554, 556, 554, 557, 558, 554, 561, 560, 559, 561, 561, 575, 566, 575, 576, 581, 586, 588, 594, 599, 602, 607, 610, 613, 610, 610,
	545, 557, 555, 554, 556, 558, 557, 556, 557, 559, 557, 560, 561, 557, 564, 563, 562, 577, 564, 565, 569, 576, 578, 583, 587, 590, 596, 601, 604, 634, 612, 614, 613, 610,
	547, 559, 557, 557, 557, 560, 559, 558, 559, 560, 559, 562, 563, 573, 566, 564, 564, 566, 566, 567, 571, 578, 580, 585, 589, 592, 596, 601, 604, 607, 611, 613, 612, 608,
	547, 562, 560, 559, 561, 563, 562, 561, 562, 564, 563, 565, 566, 562, 570, 568, 581, 568, 568, 570, 573, 581, 582, 587, 591, 594, 599, 603, 606, 609, 613, 615, 613, 609,
	344, 544, 562, 564, 564, 566, 566, 565, 566, 568, 566, 569, 570, 566, 573, 571, 572, 573, 573, 573, 577, 585, 585, 603, 594, 596, 601, 605, 608, 610, 614, 616, 617, 622,
	341, 552, 565, 566, 567, 569, 568, 568, 568, 571, 583, 572, 573, 569, 576, 573, 574, 575, 575, 576, 580, 587, 587, 592, 595, 597, 601, 606, 608, 610, 615, 616, 615, 608,
	601, 574, 568, 567, 568, 571, 571, 568, 571, 571, 571, 573, 574, 571, 578, 575, 576, 577, 578, 578, 581, 588, 588, 593, 596, 599, 616, 607, 609, 611, 630, 633, 615, 608,
	588, 576, 571, 571, 573, 575, 574, 573, 574, 575, 575, 577, 578, 575, 582, 579, 580, 581, 581, 582, 585, 591, 592, 595, 599, 600, 604, 622, 610, 613, 620, 624, 615, 607,
	585, 579, 575, 574, 576, 578, 578, 576, 577, 579, 578, 580, 581, 578, 585, 582, 583, 584, 585, 585, 588, 608, 594, 598, 601, 602, 606, 610, 611, 613, 617, 617, 616, 606,
	587, 582, 578, 577, 580, 581, 580, 580, 580, 582, 582, 584, 585, 581, 588, 585, 587, 588, 587, 588, 591, 597, 596, 600, 603, 618, 608, 612, 614, 616, 621, 623, 622, 608,
	587, 582, 578, 578, 580, 582, 582, 580, 582, 583, 583, 586, 587, 584, 592, 589, 590, 592, 592, 592, 595, 601, 614, 605, 608, 610, 613, 617, 619, 620, 624, 626, 625, 618,
	585, 585, 580, 580, 581, 583, 582, 580, 582, 582, 582, 584, 585, 581, 588, 586, 586, 587, 587, 589, 605, 597, 597, 601, 604, 606, 610, 615, 617, 620, 626, 627, 628, 627,
	442, 584, 582, 579, 578, 579, 577, 574, 573, 573, 579, 573, 573, 568, 575, 573, 572, 573, 572, 572, 576, 582, 580, 585, 587, 591, 593, 597, 613, 603, 617, 620, 618, 506,
}

/*	0001, 0002, 0003, 0004, 0005, 0006, 0007, 0008, 0009, 0010, 0011, 0012, 0013, 0014, 0015, 0016, 0017, 0018, 0019, 0020, 0021, 0022, 0023, 0024, 0025, 0026, 0027, 0028, 0029, 0030, 0031, 0032 */
LPWG_FULL_RAWDATA_UPPER = {
	798, 971, 983, 980, 982, 987, 984, 982, 983, 985, 987, 987, 991, 988, 1001, 995, 997, 1001, 1023, 1004, 1010, 1026, 1028, 1039, 1044, 1054, 1066, 1076, 1083, 1087, 1097, 1102, 1102, 1099,
	995, 1075, 1022, 1022, 1023, 1026, 1026, 1022, 1023, 1027, 1024, 1028, 1031, 1024, 1037, 1035, 1035, 1036, 1039, 1039, 1047, 1062, 1066, 1075, 1084, 1091, 1101, 1112, 1119, 1125, 1134, 1139, 1161, 1138,
	1000, 1031, 1024, 1024, 1026, 1028, 1027, 1026, 1026, 1030, 1027, 1032, 1034, 1028, 1065, 1039, 1036, 1039, 1041, 1041, 1049, 1065, 1067, 1078, 1086, 1092, 1102, 1113, 1118, 1125, 1134, 1138, 1136, 1135,
	1004, 1031, 1027, 1026, 1027, 1031, 1030, 1027, 1030, 1032, 1030, 1035, 1036, 1030, 1043, 1040, 1039, 1041, 1043, 1069, 1052, 1067, 1070, 1079, 1088, 1092, 1104, 1113, 1118, 1127, 1134, 1138, 1134, 1132,
	1011, 1035, 1031, 1030, 1032, 1036, 1035, 1032, 1034, 1037, 1035, 1040, 1041, 1035, 1048, 1045, 1044, 1071, 1048, 1049, 1057, 1070, 1073, 1083, 1091, 1096, 1106, 1115, 1122, 1178, 1136, 1140, 1138, 1132,
	1017, 1039, 1035, 1034, 1035, 1040, 1039, 1036, 1037, 1040, 1039, 1044, 1045, 1063, 1052, 1048, 1048, 1050, 1050, 1053, 1060, 1074, 1076, 1086, 1093, 1099, 1108, 1117, 1122, 1127, 1135, 1139, 1136, 1130,
	1017, 1044, 1040, 1039, 1041, 1045, 1044, 1041, 1044, 1047, 1045, 1049, 1050, 1044, 1058, 1054, 1079, 1056, 1056, 1058, 1065, 1079, 1080, 1089, 1097, 1102, 1112, 1119, 1126, 1131, 1139, 1143, 1139, 1131,
	802, 1010, 1044, 1047, 1048, 1052, 1052, 1049, 1050, 1054, 1052, 1057, 1058, 1052, 1065, 1061, 1062, 1063, 1063, 1065, 1071, 1086, 1087, 1119, 1102, 1106, 1115, 1123, 1128, 1132, 1140, 1144, 1145, 1154,
	797, 1024, 1049, 1050, 1053, 1057, 1056, 1054, 1056, 1060, 1083, 1062, 1063, 1057, 1070, 1065, 1066, 1069, 1069, 1070, 1076, 1089, 1089, 1099, 1105, 1109, 1117, 1126, 1128, 1134, 1141, 1144, 1141, 1130,
	1115, 1066, 1056, 1053, 1056, 1061, 1060, 1056, 1060, 1061, 1061, 1065, 1066, 1061, 1074, 1069, 1070, 1071, 1073, 1074, 1079, 1092, 1092, 1101, 1108, 1112, 1144, 1127, 1131, 1135, 1170, 1175, 1141, 1128,
	1092, 1070, 1061, 1061, 1063, 1067, 1066, 1063, 1066, 1069, 1067, 1071, 1073, 1067, 1080, 1075, 1076, 1079, 1079, 1080, 1086, 1097, 1099, 1105, 1112, 1114, 1122, 1154, 1134, 1138, 1152, 1158, 1143, 1127,
	1087, 1075, 1067, 1066, 1070, 1074, 1073, 1070, 1071, 1075, 1074, 1078, 1079, 1074, 1087, 1082, 1083, 1084, 1086, 1087, 1092, 1128, 1102, 1110, 1115, 1118, 1125, 1132, 1135, 1138, 1145, 1147, 1144, 1125,
	1089, 1080, 1073, 1071, 1076, 1079, 1078, 1076, 1078, 1080, 1080, 1084, 1086, 1079, 1092, 1087, 1089, 1092, 1091, 1092, 1097, 1109, 1108, 1114, 1119, 1148, 1130, 1136, 1140, 1144, 1153, 1157, 1156, 1130,
	1091, 1082, 1074, 1073, 1076, 1080, 1080, 1078, 1080, 1083, 1083, 1088, 1091, 1084, 1099, 1093, 1096, 1099, 1099, 1100, 1105, 1117, 1140, 1123, 1128, 1132, 1139, 1147, 1149, 1152, 1160, 1162, 1161, 1148,
	1087, 1086, 1078, 1076, 1079, 1083, 1082, 1078, 1080, 1082, 1080, 1084, 1086, 1079, 1092, 1088, 1088, 1091, 1091, 1093, 1123, 1109, 1109, 1117, 1122, 1126, 1134, 1141, 1145, 1152, 1162, 1165, 1166, 1164,
	1032, 1084, 1080, 1075, 1074, 1075, 1071, 1066, 1065, 1065, 1075, 1065, 1065, 1056, 1069, 1063, 1062, 1063, 1062, 1062, 1070, 1080, 1078, 1086, 1089, 1097, 1101, 1109, 1139, 1119, 1147, 1151, 1148, 1180,
}
/* ============================== */


/* ========== Jitter ========== */
JITTER_LOWER = {
	-25,
}
JITTER_UPPER = {
	25,
}
LPWG_JITTER_LOWER = {
	-25,
}
LPWG_JITTER_UPPER = {
	25,
}
/* ================================= */


/* ========== Hybrid Abs Rawdata ========== */
HYBRID_ABS_RX_RAWDATA_LOWER = {
	23079, 24597, 23785, 23842, 23981, 23428, 23353, 23387, 23149, 23187, 22883, 22565, 22629, 23557, 23346, 23111, 22397, 22514, 23042, 22470, 22570, 22597, 22687, 22712, 22702, 22814, 22757, 22846, 22659, 23107, 22590, 22579, 24212, 22827,
}
HYBRID_ABS_RX_RAWDATA_UPPER = {
	42862, 45680, 44172, 44277, 44537, 43508, 43370, 43434, 42992, 43061, 42496, 41906, 42024, 43748, 43356, 42920, 41595, 41811, 42791, 41731, 41917, 41967, 42133, 42180, 42160, 42370, 42263, 42428, 42082, 42914, 41953, 41932, 44965, 42394,
}
HYBRID_ABS_TX_RAWDATA_LOWER = {
	47755, 49870, 50212, 49924, 50065, 50419, 50368, 49235, 49015, 50039, 50098, 50091, 50002, 50347, 50660, 50242,
}
HYBRID_ABS_TX_RAWDATA_UPPER = {
	88689, 92615, 93250, 92717, 92978, 93635, 93540, 91436, 91029, 92930, 93038, 93027, 92860, 93501, 94084, 93307,
}
/* ================================= */


/* ========== Trx short Limit ========== */
TRX_SHORT_LIMIT = {
	3, 0, 0, 0, 3, 0, 0, 0,
}
EXTENDED_TRX_SHORT_LIMIT = {
	200, 2000,
}
/* ================================= */


/* ========== High Resistance ========== */
HIGH_RESISTANCE_NOTCH_LOWER = {
	-400,
}
HIGH_RESISTANCE_NOTCH_UPPER = {
	400,
}
HIGH_RESISTANCE_LOWER = {
	-400,
}
HIGH_RESISTANCE_UPPER = {
	400,
}
/* ================================= */

/* ========== Trans Rx Short ========== */
TRANS_RX_SHORT_LIMIT = {
	1100, 1100, 1100, 1100, 1100, 1100, 1100, 1100, 1100, 1100, 1100, 1100, 1100, 1100, 1100, 1100, 1100, 1100, 1100, 1100, 1100, 1100, 1100, 1100, 1100, 1100, 1100, 1100, 1100, 1100, 1100, 1100, 1100, 1100,
}
/* ================================= */