/* ========== Full Raw Capacitance ========== */
/*	001, 002, 003, 004, 005, 006, 007, 008, 009, 010, 011, 012, 013, 014, 015, 016, 017, 018, 019, 020, 021, 022, 023, 024, 025, 026, 027, 028, 029, 030, 031, 032, 033, 034 */
FULL_RAWDATA_LOWER = {
	497, 598, 607, 609, 609, 612, 615, 615, 618, 619, 623, 624, 628, 630, 629, 632, 652, 679, 674, 677, 671, 677, 678, 680, 679, 683, 687, 685, 686, 693, 697, 703, 715, 630,
	626, 622, 629, 631, 633, 636, 638, 638, 641, 643, 647, 646, 650, 652, 654, 656, 658, 674, 675, 679, 674, 682, 684, 687, 689, 692, 714, 697, 700, 705, 710, 715, 723, 724,
	632, 625, 632, 633, 636, 639, 642, 641, 644, 646, 650, 649, 653, 655, 657, 659, 660, 674, 675, 680, 675, 682, 684, 687, 689, 710, 697, 697, 699, 705, 709, 712, 718, 714,
	635, 628, 635, 637, 639, 642, 645, 645, 647, 649, 653, 652, 656, 658, 660, 662, 664, 675, 676, 699, 676, 683, 685, 688, 690, 693, 697, 697, 699, 704, 708, 711, 716, 708,
	636, 632, 639, 640, 642, 645, 648, 648, 650, 652, 656, 655, 659, 661, 662, 665, 666, 677, 677, 682, 677, 702, 686, 689, 690, 693, 697, 697, 699, 704, 708, 710, 714, 703,
	561, 636, 642, 644, 646, 649, 651, 651, 653, 655, 659, 659, 662, 665, 666, 668, 670, 681, 699, 685, 679, 686, 688, 690, 692, 694, 698, 698, 700, 704, 708, 710, 713, 699,
	  0, 644, 650, 652, 654, 657, 659, 659, 661, 663, 666, 666, 669, 671, 672, 675, 676, 681, 682, 687, 682, 690, 692, 695, 697, 700, 704, 703, 705, 708, 711, 712, 714, 697,
	  0, 628, 653, 655, 657, 660, 662, 662, 664, 666, 669, 669, 672, 674, 675, 677, 679, 682, 683, 687, 681, 688, 689, 709, 693, 695, 699, 699, 701, 705, 710, 713, 716, 699,
	  0, 630, 656, 658, 660, 662, 665, 664, 666, 668, 672, 671, 674, 694, 677, 680, 681, 683, 683, 688, 682, 688, 690, 692, 693, 696, 699, 699, 700, 704, 707, 709, 710, 690,
	  0, 630, 674, 658, 660, 662, 665, 664, 666, 668, 672, 672, 675, 679, 681, 685, 689, 681, 682, 686, 681, 687, 689, 691, 692, 695, 699, 698, 699, 703, 706, 708, 710, 690,
	  0, 631, 656, 659, 661, 665, 668, 669, 671, 673, 677, 676, 697, 681, 682, 684, 687, 679, 680, 684, 678, 685, 687, 689, 690, 693, 697, 696, 698, 702, 705, 707, 709, 691,
	570, 648, 654, 673, 656, 659, 661, 661, 663, 665, 669, 668, 672, 674, 676, 679, 683, 673, 674, 679, 674, 681, 683, 685, 687, 690, 694, 694, 696, 700, 703, 705, 708, 691,
	644, 644, 651, 652, 654, 657, 659, 659, 662, 664, 668, 685, 671, 674, 676, 679, 684, 670, 672, 677, 671, 679, 681, 683, 685, 688, 692, 692, 694, 698, 702, 704, 707, 693,
	662, 644, 650, 652, 654, 657, 659, 659, 662, 664, 668, 668, 671, 674, 676, 680, 687, 668, 669, 675, 669, 677, 679, 682, 684, 687, 691, 691, 693, 697, 701, 703, 706, 693,
	644, 644, 650, 651, 653, 656, 659, 659, 661, 664, 668, 668, 672, 675, 678, 683, 693, 666, 668, 673, 685, 675, 678, 680, 682, 686, 690, 690, 692, 696, 700, 702, 705, 692,
	640, 644, 650, 652, 654, 657, 659, 659, 662, 664, 668, 669, 673, 677, 681, 688, 705, 681, 665, 670, 665, 673, 676, 678, 680, 684, 688, 688, 690, 695, 698, 700, 704, 689,
	559, 657, 663, 664, 665, 667, 669, 668, 670, 672, 676, 677, 682, 687, 694, 708, 754, 639, 640, 645, 640, 648, 651, 653, 655, 658, 663, 662, 665, 687, 672, 674, 677, 567,
}

/*	0001, 0002, 0003, 0004, 0005, 0006, 0007, 0008, 0009, 0010, 0011, 0012, 0013, 0014, 0015, 0016, 0017, 0018, 0019, 0020, 0021, 0022, 0023, 0024, 0025, 0026, 0027, 0028, 0029, 0030, 0031, 0032, 0033, 0034 */
FULL_RAWDATA_UPPER = {
	 864, 1040, 1056, 1059, 1059, 1066, 1070, 1070, 1074, 1076, 1083, 1086, 1092, 1095, 1095, 1099, 1134, 1181, 1173, 1179, 1167, 1178, 1179, 1184, 1181, 1189, 1194, 1192, 1194, 1206, 1212, 1223, 1244, 1096,
	1090, 1082, 1094, 1097, 1101, 1107, 1111, 1111, 1115, 1119, 1126, 1125, 1131, 1135, 1138, 1142, 1144, 1173, 1174, 1182, 1173, 1186, 1190, 1195, 1198, 1204, 1243, 1213, 1218, 1227, 1236, 1244, 1258, 1259,
	1100, 1087, 1099, 1102, 1106, 1112, 1116, 1116, 1120, 1124, 1131, 1130, 1136, 1140, 1143, 1147, 1149, 1173, 1174, 1183, 1174, 1187, 1191, 1196, 1199, 1236, 1212, 1212, 1217, 1226, 1233, 1239, 1250, 1243,
	1105, 1093, 1105, 1108, 1112, 1117, 1122, 1121, 1125, 1129, 1136, 1135, 1141, 1145, 1147, 1151, 1154, 1175, 1176, 1215, 1175, 1188, 1192, 1197, 1200, 1205, 1213, 1213, 1217, 1225, 1232, 1237, 1245, 1232,
	1107, 1099, 1111, 1113, 1117, 1123, 1127, 1126, 1131, 1134, 1141, 1140, 1146, 1150, 1152, 1156, 1159, 1177, 1178, 1187, 1177, 1221, 1194, 1198, 1201, 1206, 1213, 1213, 1217, 1225, 1231, 1236, 1242, 1223,
	 976, 1106, 1118, 1120, 1124, 1129, 1133, 1133, 1137, 1140, 1147, 1146, 1152, 1156, 1158, 1162, 1165, 1185, 1216, 1192, 1182, 1194, 1197, 1201, 1203, 1208, 1215, 1214, 1218, 1226, 1232, 1236, 1241, 1216,
	   0, 1120, 1131, 1135, 1138, 1144, 1147, 1147, 1150, 1153, 1159, 1158, 1164, 1168, 1170, 1173, 1176, 1185, 1187, 1195, 1187, 1200, 1204, 1210, 1213, 1218, 1225, 1224, 1226, 1232, 1236, 1239, 1242, 1213,
	   0, 1092, 1137, 1140, 1143, 1148, 1152, 1151, 1155, 1158, 1164, 1163, 1168, 1173, 1174, 1178, 1181, 1186, 1187, 1195, 1185, 1197, 1199, 1234, 1205, 1210, 1216, 1216, 1219, 1227, 1234, 1240, 1246, 1216,
	   0, 1096, 1141, 1144, 1148, 1152, 1156, 1156, 1159, 1162, 1168, 1167, 1173, 1208, 1179, 1182, 1185, 1188, 1189, 1196, 1186, 1198, 1200, 1204, 1206, 1210, 1216, 1215, 1218, 1225, 1230, 1233, 1236, 1200,
	   0, 1097, 1172, 1145, 1148, 1153, 1156, 1156, 1159, 1163, 1169, 1168, 1175, 1180, 1185, 1191, 1198, 1185, 1187, 1194, 1184, 1196, 1198, 1202, 1204, 1209, 1215, 1214, 1217, 1224, 1229, 1232, 1235, 1201,
	   0, 1098, 1141, 1146, 1151, 1157, 1162, 1163, 1168, 1171, 1178, 1176, 1213, 1185, 1186, 1190, 1195, 1182, 1183, 1190, 1180, 1192, 1195, 1199, 1201, 1206, 1212, 1211, 1214, 1221, 1227, 1230, 1233, 1202,
	 992, 1128, 1138, 1171, 1142, 1146, 1150, 1149, 1153, 1157, 1163, 1163, 1169, 1173, 1176, 1181, 1188, 1171, 1173, 1182, 1172, 1185, 1188, 1192, 1195, 1201, 1207, 1207, 1210, 1217, 1223, 1227, 1231, 1203,
	1121, 1121, 1132, 1134, 1138, 1143, 1147, 1147, 1151, 1154, 1161, 1192, 1167, 1172, 1176, 1181, 1190, 1166, 1168, 1177, 1168, 1181, 1184, 1189, 1192, 1198, 1205, 1204, 1208, 1215, 1221, 1225, 1229, 1205,
	1152, 1121, 1132, 1134, 1137, 1142, 1147, 1146, 1151, 1154, 1161, 1161, 1168, 1173, 1177, 1184, 1195, 1162, 1164, 1174, 1164, 1177, 1181, 1186, 1189, 1195, 1202, 1202, 1205, 1213, 1219, 1222, 1227, 1205,
	1120, 1120, 1131, 1133, 1137, 1142, 1146, 1146, 1150, 1154, 1162, 1162, 1169, 1175, 1180, 1188, 1205, 1159, 1161, 1170, 1192, 1174, 1179, 1184, 1187, 1193, 1200, 1200, 1204, 1211, 1217, 1221, 1226, 1204,
	1114, 1121, 1131, 1134, 1137, 1143, 1147, 1147, 1151, 1155, 1163, 1164, 1172, 1178, 1185, 1197, 1227, 1185, 1157, 1166, 1157, 1170, 1175, 1180, 1183, 1189, 1197, 1197, 1201, 1209, 1214, 1218, 1224, 1199,
	 972, 1142, 1154, 1155, 1157, 1161, 1164, 1162, 1166, 1169, 1177, 1177, 1186, 1195, 1207, 1231, 1312, 1111, 1114, 1123, 1114, 1127, 1132, 1137, 1140, 1145, 1153, 1152, 1156, 1194, 1169, 1173, 1177,  987,
}
/* ============================== */


/* ========== LPWG Full Raw Capacitance ========== */
/*	001, 002, 003, 004, 005, 006, 007, 008, 009, 010, 011, 012, 013, 014, 015, 016, 017, 018, 019, 020, 021, 022, 023, 024, 025, 026, 027, 028, 029, 030, 031, 032, 033, 034 */
LPWG_FULL_RAWDATA_LOWER = {
	491, 594, 600, 606, 605, 610, 613, 612, 613, 618, 622, 621, 625, 623, 627, 628, 649, 674, 671, 673, 664, 671, 675, 674, 674, 675, 679, 680, 684, 685, 690, 698, 710, 624,
	622, 620, 625, 630, 629, 634, 636, 635, 637, 642, 646, 644, 648, 646, 651, 652, 654, 671, 672, 676, 669, 678, 683, 682, 684, 686, 708, 693, 697, 699, 704, 710, 718, 717,
	628, 624, 628, 634, 633, 638, 641, 639, 640, 645, 649, 648, 651, 650, 655, 655, 657, 672, 674, 677, 671, 679, 684, 684, 685, 704, 691, 693, 697, 699, 703, 708, 714, 707,
	630, 627, 631, 637, 636, 641, 643, 642, 643, 648, 652, 650, 654, 653, 657, 657, 660, 672, 674, 695, 671, 679, 684, 684, 686, 686, 691, 693, 697, 698, 702, 706, 711, 700,
	631, 630, 635, 640, 639, 644, 646, 645, 646, 651, 655, 653, 657, 655, 660, 660, 662, 673, 675, 678, 672, 698, 685, 685, 686, 687, 692, 693, 698, 698, 701, 705, 709, 696,
	556, 634, 638, 644, 642, 648, 650, 648, 649, 654, 658, 656, 660, 658, 662, 662, 665, 678, 696, 681, 674, 682, 686, 686, 687, 688, 692, 694, 698, 698, 701, 705, 708, 692,
	  0, 642, 645, 652, 650, 655, 657, 656, 657, 661, 665, 663, 666, 664, 669, 668, 671, 677, 679, 682, 677, 685, 691, 690, 692, 694, 698, 699, 702, 702, 704, 706, 709, 691,
	  0, 626, 648, 654, 653, 658, 660, 658, 659, 663, 667, 665, 668, 667, 671, 671, 673, 677, 679, 682, 675, 683, 687, 704, 688, 689, 693, 694, 698, 699, 703, 707, 711, 693,
	  0, 628, 650, 657, 655, 660, 662, 660, 661, 665, 668, 667, 670, 685, 673, 672, 675, 677, 679, 682, 675, 684, 687, 687, 688, 688, 692, 693, 697, 697, 699, 702, 704, 684,
	  0, 628, 667, 657, 655, 660, 662, 660, 661, 666, 669, 668, 671, 670, 676, 677, 683, 676, 678, 681, 674, 682, 686, 686, 687, 688, 691, 693, 696, 696, 699, 701, 704, 684,
	  0, 629, 650, 657, 656, 662, 665, 664, 666, 670, 674, 672, 692, 673, 677, 676, 680, 674, 676, 679, 672, 680, 684, 684, 686, 686, 690, 691, 695, 695, 697, 700, 703, 684,
	564, 645, 648, 671, 651, 656, 658, 656, 657, 661, 665, 663, 667, 666, 671, 672, 677, 668, 671, 674, 668, 677, 681, 681, 682, 683, 687, 689, 692, 693, 695, 698, 702, 683,
	637, 641, 644, 650, 648, 653, 656, 654, 656, 660, 664, 680, 666, 666, 671, 672, 678, 665, 669, 672, 666, 674, 678, 678, 680, 681, 685, 687, 691, 691, 694, 698, 701, 684,
	654, 640, 643, 649, 647, 652, 655, 654, 655, 660, 664, 663, 667, 666, 671, 673, 681, 663, 666, 670, 663, 672, 676, 677, 679, 680, 684, 685, 690, 690, 693, 696, 700, 684,
	636, 639, 643, 648, 647, 652, 654, 653, 654, 659, 663, 662, 667, 666, 672, 676, 686, 661, 664, 667, 678, 670, 675, 675, 676, 678, 682, 684, 688, 689, 691, 695, 699, 683,
	632, 639, 642, 647, 646, 651, 653, 652, 654, 659, 663, 662, 667, 667, 675, 680, 698, 675, 660, 664, 658, 666, 672, 672, 673, 675, 679, 681, 685, 686, 689, 693, 696, 680,
	548, 649, 653, 658, 655, 659, 661, 660, 661, 665, 669, 668, 673, 675, 685, 698, 746, 632, 635, 638, 632, 641, 645, 645, 647, 648, 652, 654, 658, 676, 661, 666, 670, 558,
}

/*	0001, 0002, 0003, 0004, 0005, 0006, 0007, 0008, 0009, 0010, 0011, 0012, 0013, 0014, 0015, 0016, 0017, 0018, 0019, 0020, 0021, 0022, 0023, 0024, 0025, 0026, 0027, 0028, 0029, 0030, 0031, 0032, 0033, 0034 */
LPWG_FULL_RAWDATA_UPPER = {
	 854, 1034, 1045, 1054, 1052, 1062, 1066, 1064, 1066, 1075, 1082, 1080, 1087, 1084, 1092, 1093, 1129, 1173, 1167, 1171, 1156, 1168, 1174, 1172, 1173, 1174, 1180, 1184, 1190, 1192, 1201, 1214, 1236, 1085,
	1082, 1079, 1086, 1096, 1094, 1103, 1107, 1105, 1108, 1116, 1123, 1120, 1127, 1124, 1133, 1134, 1138, 1167, 1170, 1175, 1164, 1179, 1188, 1187, 1191, 1193, 1231, 1206, 1213, 1216, 1225, 1235, 1250, 1247,
	1093, 1086, 1093, 1102, 1101, 1110, 1114, 1112, 1114, 1122, 1129, 1126, 1133, 1130, 1139, 1140, 1144, 1169, 1173, 1177, 1167, 1181, 1189, 1189, 1192, 1225, 1203, 1206, 1213, 1216, 1222, 1232, 1242, 1230,
	1096, 1091, 1098, 1108, 1106, 1115, 1119, 1117, 1119, 1127, 1134, 1131, 1138, 1135, 1143, 1144, 1148, 1169, 1173, 1208, 1167, 1182, 1190, 1190, 1193, 1194, 1203, 1206, 1213, 1215, 1221, 1229, 1237, 1219,
	1098, 1097, 1104, 1113, 1111, 1120, 1124, 1122, 1124, 1132, 1139, 1136, 1142, 1139, 1148, 1148, 1152, 1171, 1175, 1180, 1169, 1214, 1191, 1191, 1194, 1195, 1203, 1206, 1214, 1214, 1220, 1226, 1234, 1210,
	 968, 1103, 1109, 1120, 1117, 1127, 1130, 1128, 1129, 1137, 1144, 1141, 1147, 1144, 1152, 1153, 1157, 1179, 1211, 1185, 1173, 1187, 1193, 1193, 1196, 1197, 1204, 1207, 1214, 1215, 1220, 1226, 1232, 1203,
	   0, 1116, 1123, 1135, 1131, 1140, 1144, 1141, 1142, 1150, 1156, 1153, 1158, 1155, 1163, 1163, 1167, 1177, 1181, 1187, 1177, 1192, 1201, 1201, 1205, 1207, 1214, 1216, 1222, 1221, 1225, 1229, 1233, 1202,
	   0, 1089, 1127, 1138, 1136, 1144, 1148, 1145, 1147, 1154, 1160, 1157, 1162, 1160, 1167, 1167, 1171, 1178, 1181, 1186, 1174, 1189, 1195, 1225, 1197, 1198, 1205, 1208, 1214, 1216, 1223, 1230, 1237, 1206,
	   0, 1093, 1131, 1142, 1139, 1148, 1151, 1148, 1150, 1157, 1163, 1160, 1165, 1192, 1170, 1169, 1174, 1178, 1182, 1186, 1175, 1189, 1196, 1195, 1197, 1198, 1204, 1206, 1213, 1212, 1216, 1221, 1225, 1190,
	   0, 1093, 1161, 1142, 1139, 1148, 1151, 1148, 1150, 1158, 1164, 1162, 1168, 1166, 1175, 1179, 1188, 1176, 1180, 1185, 1173, 1187, 1193, 1193, 1195, 1196, 1203, 1205, 1211, 1211, 1216, 1220, 1224, 1190,
	   0, 1094, 1131, 1143, 1142, 1152, 1156, 1156, 1158, 1166, 1172, 1169, 1204, 1170, 1177, 1177, 1183, 1172, 1176, 1181, 1169, 1184, 1191, 1190, 1193, 1193, 1200, 1203, 1209, 1209, 1213, 1218, 1223, 1189,
	 982, 1122, 1127, 1167, 1133, 1141, 1144, 1142, 1143, 1151, 1157, 1154, 1161, 1159, 1168, 1169, 1177, 1163, 1168, 1173, 1162, 1177, 1185, 1184, 1187, 1188, 1195, 1198, 1205, 1206, 1210, 1215, 1220, 1188,
	1109, 1115, 1121, 1131, 1128, 1137, 1140, 1139, 1141, 1149, 1155, 1184, 1160, 1159, 1167, 1169, 1179, 1158, 1163, 1169, 1158, 1173, 1180, 1180, 1183, 1185, 1193, 1195, 1202, 1202, 1208, 1214, 1219, 1190,
	1138, 1114, 1119, 1129, 1126, 1135, 1139, 1137, 1140, 1148, 1155, 1153, 1160, 1158, 1167, 1171, 1184, 1154, 1159, 1165, 1154, 1169, 1177, 1177, 1181, 1182, 1190, 1192, 1200, 1201, 1206, 1211, 1217, 1190,
	1106, 1112, 1118, 1127, 1125, 1134, 1138, 1136, 1138, 1147, 1154, 1152, 1160, 1159, 1170, 1175, 1194, 1150, 1155, 1161, 1180, 1165, 1173, 1174, 1177, 1179, 1187, 1190, 1197, 1198, 1203, 1209, 1215, 1189,
	1099, 1111, 1117, 1126, 1123, 1132, 1136, 1134, 1137, 1146, 1153, 1152, 1161, 1161, 1174, 1183, 1214, 1175, 1149, 1155, 1144, 1159, 1169, 1168, 1172, 1174, 1182, 1185, 1192, 1193, 1199, 1205, 1212, 1182,
	 954, 1129, 1136, 1144, 1139, 1147, 1150, 1148, 1150, 1157, 1163, 1163, 1171, 1175, 1192, 1213, 1298, 1100, 1104, 1111, 1100, 1115, 1122, 1122, 1125, 1127, 1135, 1138, 1145, 1176, 1151, 1159, 1165,  971,
}
/* ============================== */


/* ========== Jitter ========== */
JITTER_LOWER = {
	-20,
}
JITTER_UPPER = {
	20,
}
LPWG_JITTER_LOWER = {
	-20,
}
LPWG_JITTER_UPPER = {
	20,
}
/* ================================= */


/* ========== Hybrid Abs Rawdata ========== */
HYBRID_ABS_RX_RAWDATA_LOWER = {
	29142, 34084, 33830, 33620, 33930, 34692, 34485, 34370, 34669, 35385, 35416, 35446, 35773, 35573, 35675, 35776, 36673, 42601, 41054, 40227, 40565, 40402, 39461, 40566, 39522, 39022, 38755, 39011, 38593, 38565, 38376, 38404, 37736, 37785,
}
HYBRID_ABS_RX_RAWDATA_UPPER = {
	50699, 59296, 58856, 58489, 59029, 60354, 59995, 59795, 60315, 61560, 61614, 61666, 62236, 61888, 62065, 62241, 63801, 74114, 71423, 69984, 70572, 70289, 68651, 70574, 68758, 67887, 67423, 67869, 67141, 67092, 66764, 66812, 65650, 65736,
}
HYBRID_ABS_TX_RAWDATA_LOWER = {
	60004, 58950, 58819, 58868, 58828, 58804, 57587, 57659, 57308, 57264, 57089, 58232, 58096, 58447, 58676, 57884, 57595,
}
HYBRID_ABS_TX_RAWDATA_UPPER = {
	104391, 102557, 102330, 102414, 102345, 102302, 100185, 100311, 99699, 99623, 99319, 101307, 101070, 101682, 102081, 100703, 100199,
}
/* ================================= */


/* ========== Trx short Limit ========== */
TRX_SHORT_LIMIT = {
	3, 0, 0, 0, 3, 0, 0, 0,
}
EXTENDED_TRX_SHORT_LIMIT = {
	200, 2000,
}
/* ================================= */


/* ========== High Resistance ========== */
HIGH_RESISTANCE_LOWER = {
	-400,
}
HIGH_RESISTANCE_UPPER = {
	400,
}
/* ================================= */