/* ========== Self raw data ========== */
SELF_FORCE_RAWDATA_LOWER = {
	7080, 7080, 7080, 7080, 7080, 7080, 7080, 7080, 7080, 7080, 7080, 7080, 7080, 7080, 7080, 7080,
}
SELF_FORCE_RAWDATA_UPPER = {
	9010, 9010, 9010, 9010, 9010, 9010, 9010, 9010, 9010, 9010, 9010, 9010, 9010, 9010, 9010, 9010,
}
SELF_SENSE_RAWDATA_LOWER = {
	7150, 7150, 7150, 7150, 7150, 7150, 7150, 7150, 7150, 7150, 7150, 7150, 7150, 7150, 7150, 7150, 7150, 7150, 7150, 7150, 7150, 7150, 7150, 7150, 7150, 7150, 7150, 7150, 7150, 7150, 7150, 7150,
}
SELF_SENSE_RAWDATA_UPPER = {
	9050, 9050, 9050, 9050, 9050, 9050, 9050, 9050, 9050, 9050, 9050, 9050, 9050, 9050, 9050, 9050, 9050, 9050, 9050, 9050, 9050, 9050, 9050, 9050, 9050, 9050, 9050, 9050, 9050, 9050, 9050, 9050,
}
LPWG_SELF_FORCE_RAWDATA_LOWER = {
	3380, 3380, 3380, 3380, 3380, 3380, 3380, 3380, 3380, 3380, 3380, 3380, 3380, 3380, 3380, 3380,
}
LPWG_SELF_FORCE_RAWDATA_UPPER = {
	4620, 4620, 4620, 4620, 4620, 4620, 4620, 4620, 4620, 4620, 4620, 4620, 4620, 4620, 4620, 4620,
}
LPWG_SELF_SENSE_RAWDATA_LOWER = {
	3380, 3380, 3380, 3380, 3380, 3380, 3380, 3380, 3380, 3380, 3380, 3380, 3380, 3380, 3380, 3380, 3380, 3380, 3380, 3380, 3380, 3380, 3380, 3380, 3380, 3380, 3380, 3380, 3380, 3380, 3380, 3380,
}
LPWG_SELF_SENSE_RAWDATA_UPPER = {
	4620, 4620, 4620, 4620, 4620, 4620, 4620, 4620, 4620, 4620, 4620, 4620, 4620, 4620, 4620, 4620, 4620, 4620, 4620, 4620, 4620, 4620, 4620, 4620, 4620, 4620, 4620, 4620, 4620, 4620, 4620, 4620,
}
/* =================================== */





/* ========== Cm reference ========== */
MUTUAL_RAWDATA_LOWER = {
	2360, 2360, 2360, 2360, 2360, 2360, 2360, 2360, 2360, 2360, 2360, 2360, 2360, 2360, 2360, 2360,	2360, 2360, 2360, 2360, 2360, 2360, 2360, 2360, 2360, 2360, 2360, 2360, 2360, 2360, 2360, 2360,
	2360, 2360, 2360, 2360, 2360, 2360, 2360, 2360, 2360, 2360, 2360, 2360, 2360, 2360, 2360, 2360,	2360, 2360, 2360, 2360, 2360, 2360, 2360, 2360, 2360, 2360, 2360, 2360, 2360, 2360, 2360, 2360,
	2360, 2360, 2360, 2360, 2360, 2360, 2360, 2360, 2360, 2360, 2360, 2360, 2360, 2360, 2360, 2360,	2360, 2360, 2360, 2360, 2360, 2360, 2360, 2360, 2360, 2360, 2360, 2360, 2360, 2360, 2360, 2360,
	2360, 2360, 2360, 2360, 2360, 2360, 2360, 2360, 2360, 2360, 2360, 2360, 2360, 2360, 2360, 2360,	2360, 2360, 2360, 2360, 2360, 2360, 2360, 2360, 2360, 2360, 2360, 2360, 2360, 2360, 2360, 2360,
	2360, 2360, 2360, 2360, 2360, 2360, 2360, 2360, 2360, 2360, 2360, 2360, 2360, 2360, 2360, 2360,	2360, 2360, 2360, 2360, 2360, 2360, 2360, 2360, 2360, 2360, 2360, 2360, 2360, 2360, 2360, 2360,
	2360, 2360, 2360, 2360, 2360, 2360, 2360, 2360, 2360, 2360, 2360, 2360, 2360, 2360, 2360, 2360,	2360, 2360, 2360, 2360, 2360, 2360, 2360, 2360, 2360, 2360, 2360, 2360, 2360, 2360, 2360, 2360,
	2360, 2360, 2360, 2360, 2360, 2360, 2360, 2360, 2360, 2360, 2360, 2360, 2360, 2360, 2360, 2360,	2360, 2360, 2360, 2360, 2360, 2360, 2360, 2360, 2360, 2360, 2360, 2360, 2360, 2360, 2360, 2360,
	2360, 2360, 2360, 2360, 2360, 2360, 2360, 2360, 2360, 2360, 2360, 2360, 2360, 2360, 2360, 2360,	2360, 2360, 2360, 2360, 2360, 2360, 2360, 2360, 2360, 2360, 2360, 2360, 2360, 2360, 2360, 2360,
	2360, 2360, 2360, 2360, 2360, 2360, 2360, 2360, 2360, 2360, 2360, 2360, 2360, 2360, 2360, 2360,	2360, 2360, 2360, 2360, 2360, 2360, 2360, 2360, 2360, 2360, 2360, 2360, 2360, 2360, 2360, 2360,
	2360, 2360, 2360, 2360, 2360, 2360, 2360, 2360, 2360, 2360, 2360, 2360, 2360, 2360, 2360, 2360,	2360, 2360, 2360, 2360, 2360, 2360, 2360, 2360, 2360, 2360, 2360, 2360, 2360, 2360, 2360, 2360,
	2360, 2360, 2360, 2360, 2360, 2360, 2360, 2360, 2360, 2360, 2360, 2360, 2360, 2360, 2360, 2360,	2360, 2360, 2360, 2360, 2360, 2360, 2360, 2360, 2360, 2360, 2360, 2360, 2360, 2360, 2360, 2360,
	2360, 2360, 2360, 2360, 2360, 2360, 2360, 2360, 2360, 2360, 2360, 2360, 2360, 2360, 2360, 2360,	2360, 2360, 2360, 2360, 2360, 2360, 2360, 2360, 2360, 2360, 2360, 2360, 2360, 2360, 2360, 2360,
	2360, 2360, 2360, 2360, 2360, 2360, 2360, 2360, 2360, 2360, 2360, 2360, 2360, 2360, 2360, 2360,	2360, 2360, 2360, 2360, 2360, 2360, 2360, 2360, 2360, 2360, 2360, 2360, 2360, 2360, 2360, 2360,
	2360, 2360, 2360, 2360, 2360, 2360, 2360, 2360, 2360, 2360, 2360, 2360, 2360, 2360, 2360, 2360,	2360, 2360, 2360, 2360, 2360, 2360, 2360, 2360, 2360, 2360, 2360, 2360, 2360, 2360, 2360, 2360,
	2360, 2360, 2360, 2360, 2360, 2360, 2360, 2360, 2360, 2360, 2360, 2360, 2360, 2360, 2360, 2360,	2360, 2360, 2360, 2360, 2360, 2360, 2360, 2360, 2360, 2360, 2360, 2360, 2360, 2360, 2360, 2360,
	2360, 2360, 2360, 2360, 2360, 2360, 2360, 2360, 2360, 2360, 2360, 2360, 2360, 2360, 2360, 2360,	2360, 2360, 2360, 2360, 2360, 2360, 2360, 2360, 2360, 2360, 2360, 2360, 2360, 2360, 2360, 2360,
}
MUTUAL_RAWDATA_UPPER = {
	3240, 3240, 3240, 3240, 3240, 3240, 3240, 3240, 3240, 3240, 3240, 3240, 3240, 3240, 3240, 3240,	3240, 3240, 3240, 3240, 3240, 3240, 3240, 3240, 3240, 3240, 3240, 3240, 3240, 3240, 3240, 3240,
	3240, 3240, 3240, 3240, 3240, 3240, 3240, 3240, 3240, 3240, 3240, 3240, 3240, 3240, 3240, 3240,	3240, 3240, 3240, 3240, 3240, 3240, 3240, 3240, 3240, 3240, 3240, 3240, 3240, 3240, 3240, 3240,
	3240, 3240, 3240, 3240, 3240, 3240, 3240, 3240, 3240, 3240, 3240, 3240, 3240, 3240, 3240, 3240,	3240, 3240, 3240, 3240, 3240, 3240, 3240, 3240, 3240, 3240, 3240, 3240, 3240, 3240, 3240, 3240,
	3240, 3240, 3240, 3240, 3240, 3240, 3240, 3240, 3240, 3240, 3240, 3240, 3240, 3240, 3240, 3240,	3240, 3240, 3240, 3240, 3240, 3240, 3240, 3240, 3240, 3240, 3240, 3240, 3240, 3240, 3240, 3240,
	3240, 3240, 3240, 3240, 3240, 3240, 3240, 3240, 3240, 3240, 3240, 3240, 3240, 3240, 3240, 3240,	3240, 3240, 3240, 3240, 3240, 3240, 3240, 3240, 3240, 3240, 3240, 3240, 3240, 3240, 3240, 3240,
	3240, 3240, 3240, 3240, 3240, 3240, 3240, 3240, 3240, 3240, 3240, 3240, 3240, 3240, 3240, 3240,	3240, 3240, 3240, 3240, 3240, 3240, 3240, 3240, 3240, 3240, 3240, 3240, 3240, 3240, 3240, 3240,
	3240, 3240, 3240, 3240, 3240, 3240, 3240, 3240, 3240, 3240, 3240, 3240, 3240, 3240, 3240, 3240,	3240, 3240, 3240, 3240, 3240, 3240, 3240, 3240, 3240, 3240, 3240, 3240, 3240, 3240, 3240, 3240,
	3240, 3240, 3240, 3240, 3240, 3240, 3240, 3240, 3240, 3240, 3240, 3240, 3240, 3240, 3240, 3240,	3240, 3240, 3240, 3240, 3240, 3240, 3240, 3240, 3240, 3240, 3240, 3240, 3240, 3240, 3240, 3240,
	3240, 3240, 3240, 3240, 3240, 3240, 3240, 3240, 3240, 3240, 3240, 3240, 3240, 3240, 3240, 3240,	3240, 3240, 3240, 3240, 3240, 3240, 3240, 3240, 3240, 3240, 3240, 3240, 3240, 3240, 3240, 3240,
	3240, 3240, 3240, 3240, 3240, 3240, 3240, 3240, 3240, 3240, 3240, 3240, 3240, 3240, 3240, 3240,	3240, 3240, 3240, 3240, 3240, 3240, 3240, 3240, 3240, 3240, 3240, 3240, 3240, 3240, 3240, 3240,
	3240, 3240, 3240, 3240, 3240, 3240, 3240, 3240, 3240, 3240, 3240, 3240, 3240, 3240, 3240, 3240,	3240, 3240, 3240, 3240, 3240, 3240, 3240, 3240, 3240, 3240, 3240, 3240, 3240, 3240, 3240, 3240,
	3240, 3240, 3240, 3240, 3240, 3240, 3240, 3240, 3240, 3240, 3240, 3240, 3240, 3240, 3240, 3240,	3240, 3240, 3240, 3240, 3240, 3240, 3240, 3240, 3240, 3240, 3240, 3240, 3240, 3240, 3240, 3240,
	3240, 3240, 3240, 3240, 3240, 3240, 3240, 3240, 3240, 3240, 3240, 3240, 3240, 3240, 3240, 3240,	3240, 3240, 3240, 3240, 3240, 3240, 3240, 3240, 3240, 3240, 3240, 3240, 3240, 3240, 3240, 3240,
	3240, 3240, 3240, 3240, 3240, 3240, 3240, 3240, 3240, 3240, 3240, 3240, 3240, 3240, 3240, 3240,	3240, 3240, 3240, 3240, 3240, 3240, 3240, 3240, 3240, 3240, 3240, 3240, 3240, 3240, 3240, 3240,
	3240, 3240, 3240, 3240, 3240, 3240, 3240, 3240, 3240, 3240, 3240, 3240, 3240, 3240, 3240, 3240,	3240, 3240, 3240, 3240, 3240, 3240, 3240, 3240, 3240, 3240, 3240, 3240, 3240, 3240, 3240, 3240,
	3240, 3240, 3240, 3240, 3240, 3240, 3240, 3240, 3240, 3240, 3240, 3240, 3240, 3240, 3240, 3240,	3240, 3240, 3240, 3240, 3240, 3240, 3240, 3240, 3240, 3240, 3240, 3240, 3240, 3240, 3240, 3240,
}
MUTUAL_RAWDATA_DIFF_LIMIT = {
	500,
}
LPWG_MUTUAL_RAWDATA_LOWER = {
	2360, 2360, 2360, 2360, 2360, 2360, 2360, 2360, 2360, 2360, 2360, 2360, 2360, 2360, 2360, 2360,	2360, 2360, 2360, 2360, 2360, 2360, 2360, 2360, 2360, 2360, 2360, 2360, 2360, 2360, 2360, 2360,
	2360, 2360, 2360, 2360, 2360, 2360, 2360, 2360, 2360, 2360, 2360, 2360, 2360, 2360, 2360, 2360,	2360, 2360, 2360, 2360, 2360, 2360, 2360, 2360, 2360, 2360, 2360, 2360, 2360, 2360, 2360, 2360,
	2360, 2360, 2360, 2360, 2360, 2360, 2360, 2360, 2360, 2360, 2360, 2360, 2360, 2360, 2360, 2360,	2360, 2360, 2360, 2360, 2360, 2360, 2360, 2360, 2360, 2360, 2360, 2360, 2360, 2360, 2360, 2360,
	2360, 2360, 2360, 2360, 2360, 2360, 2360, 2360, 2360, 2360, 2360, 2360, 2360, 2360, 2360, 2360,	2360, 2360, 2360, 2360, 2360, 2360, 2360, 2360, 2360, 2360, 2360, 2360, 2360, 2360, 2360, 2360,
	2360, 2360, 2360, 2360, 2360, 2360, 2360, 2360, 2360, 2360, 2360, 2360, 2360, 2360, 2360, 2360,	2360, 2360, 2360, 2360, 2360, 2360, 2360, 2360, 2360, 2360, 2360, 2360, 2360, 2360, 2360, 2360,
	2360, 2360, 2360, 2360, 2360, 2360, 2360, 2360, 2360, 2360, 2360, 2360, 2360, 2360, 2360, 2360,	2360, 2360, 2360, 2360, 2360, 2360, 2360, 2360, 2360, 2360, 2360, 2360, 2360, 2360, 2360, 2360,
	2360, 2360, 2360, 2360, 2360, 2360, 2360, 2360, 2360, 2360, 2360, 2360, 2360, 2360, 2360, 2360,	2360, 2360, 2360, 2360, 2360, 2360, 2360, 2360, 2360, 2360, 2360, 2360, 2360, 2360, 2360, 2360,
	2360, 2360, 2360, 2360, 2360, 2360, 2360, 2360, 2360, 2360, 2360, 2360, 2360, 2360, 2360, 2360,	2360, 2360, 2360, 2360, 2360, 2360, 2360, 2360, 2360, 2360, 2360, 2360, 2360, 2360, 2360, 2360,
	2360, 2360, 2360, 2360, 2360, 2360, 2360, 2360, 2360, 2360, 2360, 2360, 2360, 2360, 2360, 2360,	2360, 2360, 2360, 2360, 2360, 2360, 2360, 2360, 2360, 2360, 2360, 2360, 2360, 2360, 2360, 2360,
	2360, 2360, 2360, 2360, 2360, 2360, 2360, 2360, 2360, 2360, 2360, 2360, 2360, 2360, 2360, 2360,	2360, 2360, 2360, 2360, 2360, 2360, 2360, 2360, 2360, 2360, 2360, 2360, 2360, 2360, 2360, 2360,
	2360, 2360, 2360, 2360, 2360, 2360, 2360, 2360, 2360, 2360, 2360, 2360, 2360, 2360, 2360, 2360,	2360, 2360, 2360, 2360, 2360, 2360, 2360, 2360, 2360, 2360, 2360, 2360, 2360, 2360, 2360, 2360,
	2360, 2360, 2360, 2360, 2360, 2360, 2360, 2360, 2360, 2360, 2360, 2360, 2360, 2360, 2360, 2360,	2360, 2360, 2360, 2360, 2360, 2360, 2360, 2360, 2360, 2360, 2360, 2360, 2360, 2360, 2360, 2360,
	2360, 2360, 2360, 2360, 2360, 2360, 2360, 2360, 2360, 2360, 2360, 2360, 2360, 2360, 2360, 2360,	2360, 2360, 2360, 2360, 2360, 2360, 2360, 2360, 2360, 2360, 2360, 2360, 2360, 2360, 2360, 2360,
	2360, 2360, 2360, 2360, 2360, 2360, 2360, 2360, 2360, 2360, 2360, 2360, 2360, 2360, 2360, 2360,	2360, 2360, 2360, 2360, 2360, 2360, 2360, 2360, 2360, 2360, 2360, 2360, 2360, 2360, 2360, 2360,
	2360, 2360, 2360, 2360, 2360, 2360, 2360, 2360, 2360, 2360, 2360, 2360, 2360, 2360, 2360, 2360,	2360, 2360, 2360, 2360, 2360, 2360, 2360, 2360, 2360, 2360, 2360, 2360, 2360, 2360, 2360, 2360,
	2360, 2360, 2360, 2360, 2360, 2360, 2360, 2360, 2360, 2360, 2360, 2360, 2360, 2360, 2360, 2360,	2360, 2360, 2360, 2360, 2360, 2360, 2360, 2360, 2360, 2360, 2360, 2360, 2360, 2360, 2360, 2360,
}
LPWG_MUTUAL_RAWDATA_UPPER = {
	3240, 3240, 3240, 3240, 3240, 3240, 3240, 3240, 3240, 3240, 3240, 3240, 3240, 3240, 3240, 3240,	3240, 3240, 3240, 3240, 3240, 3240, 3240, 3240, 3240, 3240, 3240, 3240, 3240, 3240, 3240, 3240,
	3240, 3240, 3240, 3240, 3240, 3240, 3240, 3240, 3240, 3240, 3240, 3240, 3240, 3240, 3240, 3240,	3240, 3240, 3240, 3240, 3240, 3240, 3240, 3240, 3240, 3240, 3240, 3240, 3240, 3240, 3240, 3240,
	3240, 3240, 3240, 3240, 3240, 3240, 3240, 3240, 3240, 3240, 3240, 3240, 3240, 3240, 3240, 3240,	3240, 3240, 3240, 3240, 3240, 3240, 3240, 3240, 3240, 3240, 3240, 3240, 3240, 3240, 3240, 3240,
	3240, 3240, 3240, 3240, 3240, 3240, 3240, 3240, 3240, 3240, 3240, 3240, 3240, 3240, 3240, 3240,	3240, 3240, 3240, 3240, 3240, 3240, 3240, 3240, 3240, 3240, 3240, 3240, 3240, 3240, 3240, 3240,
	3240, 3240, 3240, 3240, 3240, 3240, 3240, 3240, 3240, 3240, 3240, 3240, 3240, 3240, 3240, 3240,	3240, 3240, 3240, 3240, 3240, 3240, 3240, 3240, 3240, 3240, 3240, 3240, 3240, 3240, 3240, 3240,
	3240, 3240, 3240, 3240, 3240, 3240, 3240, 3240, 3240, 3240, 3240, 3240, 3240, 3240, 3240, 3240,	3240, 3240, 3240, 3240, 3240, 3240, 3240, 3240, 3240, 3240, 3240, 3240, 3240, 3240, 3240, 3240,
	3240, 3240, 3240, 3240, 3240, 3240, 3240, 3240, 3240, 3240, 3240, 3240, 3240, 3240, 3240, 3240,	3240, 3240, 3240, 3240, 3240, 3240, 3240, 3240, 3240, 3240, 3240, 3240, 3240, 3240, 3240, 3240,
	3240, 3240, 3240, 3240, 3240, 3240, 3240, 3240, 3240, 3240, 3240, 3240, 3240, 3240, 3240, 3240,	3240, 3240, 3240, 3240, 3240, 3240, 3240, 3240, 3240, 3240, 3240, 3240, 3240, 3240, 3240, 3240,
	3240, 3240, 3240, 3240, 3240, 3240, 3240, 3240, 3240, 3240, 3240, 3240, 3240, 3240, 3240, 3240,	3240, 3240, 3240, 3240, 3240, 3240, 3240, 3240, 3240, 3240, 3240, 3240, 3240, 3240, 3240, 3240,
	3240, 3240, 3240, 3240, 3240, 3240, 3240, 3240, 3240, 3240, 3240, 3240, 3240, 3240, 3240, 3240,	3240, 3240, 3240, 3240, 3240, 3240, 3240, 3240, 3240, 3240, 3240, 3240, 3240, 3240, 3240, 3240,
	3240, 3240, 3240, 3240, 3240, 3240, 3240, 3240, 3240, 3240, 3240, 3240, 3240, 3240, 3240, 3240,	3240, 3240, 3240, 3240, 3240, 3240, 3240, 3240, 3240, 3240, 3240, 3240, 3240, 3240, 3240, 3240,
	3240, 3240, 3240, 3240, 3240, 3240, 3240, 3240, 3240, 3240, 3240, 3240, 3240, 3240, 3240, 3240,	3240, 3240, 3240, 3240, 3240, 3240, 3240, 3240, 3240, 3240, 3240, 3240, 3240, 3240, 3240, 3240,
	3240, 3240, 3240, 3240, 3240, 3240, 3240, 3240, 3240, 3240, 3240, 3240, 3240, 3240, 3240, 3240,	3240, 3240, 3240, 3240, 3240, 3240, 3240, 3240, 3240, 3240, 3240, 3240, 3240, 3240, 3240, 3240,
	3240, 3240, 3240, 3240, 3240, 3240, 3240, 3240, 3240, 3240, 3240, 3240, 3240, 3240, 3240, 3240,	3240, 3240, 3240, 3240, 3240, 3240, 3240, 3240, 3240, 3240, 3240, 3240, 3240, 3240, 3240, 3240,
	3240, 3240, 3240, 3240, 3240, 3240, 3240, 3240, 3240, 3240, 3240, 3240, 3240, 3240, 3240, 3240,	3240, 3240, 3240, 3240, 3240, 3240, 3240, 3240, 3240, 3240, 3240, 3240, 3240, 3240, 3240, 3240,
	3240, 3240, 3240, 3240, 3240, 3240, 3240, 3240, 3240, 3240, 3240, 3240, 3240, 3240, 3240, 3240,	3240, 3240, 3240, 3240, 3240, 3240, 3240, 3240, 3240, 3240, 3240, 3240, 3240, 3240, 3240, 3240,
}
LPWG_MUTUAL_RAWDATA_DIFF_LIMIT = {
	500,
}
/* ================================== */





/* ========== Self Jitter ========== */
SELF_JITTER_TOTAL_FRAME_CNT = {
	10,
}
SELF_JITTER_POSITIVE_PEAK_STRENGTH = {
	40,
}
SELF_JITTER_NEGATIVE_PEAK_STRENGTH = {
	-40,
}
SELF_JITTER_P2P = {
	60,
}
SELF_JITTER_STD = {
	7,
}
/* ================================= */





/* ========== Cm Jitter ========== */
MUTUAL_JITTER_TOTAL_FRAME_CNT = {
	5,
}
MUTUAL_JITTER_LIMIT = {
	100,
}
/* =============================== */





/* ========== Self Ix ========== */
IX_TX_MIN_LIMIT = {
	116,
}
IX_TX_MAX_LIMIT = {
	154,
}
IX_RX_MIN_LIMIT = {
	63,
}
IX_RX_MAX_LIMIT = {
	92,
}
/* ============================= */





/* ========== Total Cx ========== */
CX_MIN_LIMIT = {
	10,
}
CX_MAX_LIMIT = {
	46,
}
CX_TX_DIFF_LOWER = {
	0, 0, 0, 0, 0, 0, 0, 0, 0, 0, 0, 0, 0, 0, 0, 0, 0, 0, 0, 0, 0, 0, 0, 0, 0, 0, 0, 0, 0, 0, 0, 0,
	0, 0, 0, 0, 0, 0, 0, 0, 0, 0, 0, 0, 0, 0, 0, 0, 0, 0, 0, 0, 0, 0, 0, 0, 0, 0, 0, 0, 0, 0, 0, 0,
	0, 0, 0, 0, 0, 0, 0, 0, 0, 0, 0, 0, 0, 0, 0, 0, 0, 0, 0, 0, 0, 0, 0, 0, 0, 0, 0, 0, 0, 0, 0, 0,
	0, 0, 0, 0, 0, 0, 0, 0, 0, 0, 0, 0, 0, 0, 0, 0, 0, 0, 0, 0, 0, 0, 0, 0, 0, 0, 0, 0, 0, 0, 0, 0,
	0, 0, 0, 0, 0, 0, 0, 0, 0, 0, 0, 0, 0, 0, 0, 0, 0, 0, 0, 0, 0, 0, 0, 0, 0, 0, 0, 0, 0, 0, 0, 0,
	0, 0, 0, 0, 0, 0, 0, 0, 0, 0, 0, 0, 0, 0, 0, 0, 0, 0, 0, 0, 0, 0, 0, 0, 0, 0, 0, 0, 0, 0, 0, 0,
	0, 0, 0, 0, 0, 0, 0, 0, 0, 0, 0, 0, 0, 0, 0, 0, 0, 0, 0, 0, 0, 0, 0, 0, 0, 0, 0, 0, 0, 0, 0, 0,
	0, 0, 0, 0, 0, 0, 0, 0, 0, 0, 0, 0, 0, 0, 0, 0, 0, 0, 0, 0, 0, 0, 0, 0, 0, 0, 0, 0, 0, 0, 0, 0,
	0, 0, 0, 0, 0, 0, 0, 0, 0, 0, 0, 0, 0, 0, 0, 0, 0, 0, 0, 0, 0, 0, 0, 0, 0, 0, 0, 0, 0, 0, 0, 0,
	0, 0, 0, 0, 0, 0, 0, 0, 0, 0, 0, 0, 0, 0, 0, 0, 0, 0, 0, 0, 0, 0, 0, 0, 0, 0, 0, 0, 0, 0, 0, 0,
	0, 0, 0, 0, 0, 0, 0, 0, 0, 0, 0, 0, 0, 0, 0, 0, 0, 0, 0, 0, 0, 0, 0, 0, 0, 0, 0, 0, 0, 0, 0, 0,
	0, 0, 0, 0, 0, 0, 0, 0, 0, 0, 0, 0, 0, 0, 0, 0, 0, 0, 0, 0, 0, 0, 0, 0, 0, 0, 0, 0, 0, 0, 0, 0,
	0, 0, 0, 0, 0, 0, 0, 0, 0, 0, 0, 0, 0, 0, 0, 0, 0, 0, 0, 0, 0, 0, 0, 0, 0, 0, 0, 0, 0, 0, 0, 0,
	0, 0, 0, 0, 0, 0, 0, 0, 0, 0, 0, 0, 0, 0, 0, 0, 0, 0, 0, 0, 0, 0, 0, 0, 0, 0, 0, 0, 0, 0, 0, 0,
	0, 0, 0, 0, 0, 0, 0, 0, 0, 0, 0, 0, 0, 0, 0, 0, 0, 0, 0, 0, 0, 0, 0, 0, 0, 0, 0, 0, 0, 0, 0, 0,
}
CX_TX_DIFF_UPPER = {
	7, 5, 5, 5, 5, 5, 5, 5, 5, 5, 5, 5, 5, 5, 5, 5, 5, 5, 5, 5, 5, 5, 5, 5, 5, 5, 5, 5, 5, 5, 5, 8,
	5, 5, 5, 5, 5, 5, 5, 5, 5, 5, 5, 5, 5, 5, 5, 5, 5, 5, 5, 5, 5, 5, 5, 5, 5, 5, 5, 5, 5, 5, 5, 6,
	5, 5, 5, 5, 5, 5, 5, 5, 5, 5, 5, 5, 5, 5, 5, 5, 5, 5, 5, 5, 5, 5, 5, 5, 5, 5, 5, 5, 5, 5, 5, 5,
	5, 5, 5, 5, 5, 5, 5, 5, 5, 5, 5, 5, 5, 5, 5, 5, 5, 5, 5, 5, 5, 5, 5, 5, 5, 5, 5, 5, 5, 5, 5, 5,
	5, 5, 5, 5, 5, 5, 5, 5, 5, 5, 5, 5, 5, 5, 5, 5, 5, 5, 5, 5, 5, 5, 5, 5, 5, 5, 5, 5, 5, 5, 5, 5,
	5, 5, 5, 5, 5, 5, 5, 5, 5, 5, 5, 5, 5, 5, 5, 5, 5, 5, 5, 5, 5, 5, 5, 5, 5, 5, 5, 5, 5, 5, 5, 5,
	5, 5, 5, 5, 5, 5, 5, 5, 5, 5, 5, 5, 5, 5, 5, 5, 5, 5, 5, 5, 5, 5, 5, 5, 5, 5, 5, 5, 5, 5, 5, 5,
	5, 5, 5, 5, 5, 5, 5, 5, 5, 5, 5, 5, 5, 5, 5, 5, 5, 5, 5, 5, 5, 5, 5, 5, 5, 5, 5, 5, 5, 5, 5, 5,
	5, 5, 5, 5, 5, 5, 5, 5, 5, 5, 5, 5, 5, 5, 5, 5, 5, 5, 5, 5, 5, 5, 5, 5, 5, 5, 5, 5, 5, 5, 5, 5,
	5, 5, 5, 5, 5, 5, 5, 5, 5, 5, 5, 5, 5, 5, 5, 5, 5, 5, 5, 5, 5, 5, 5, 5, 5, 5, 5, 5, 5, 5, 5, 5,
	5, 5, 5, 5, 5, 5, 5, 5, 5, 5, 5, 5, 5, 5, 5, 5, 5, 5, 5, 5, 5, 5, 5, 5, 5, 5, 5, 5, 5, 5, 5, 5,
	5, 5, 5, 5, 5, 5, 5, 5, 5, 5, 5, 5, 5, 5, 5, 5, 5, 5, 5, 5, 5, 5, 5, 5, 5, 5, 5, 5, 5, 5, 5, 5,
	5, 5, 5, 5, 5, 5, 5, 5, 5, 5, 5, 5, 5, 5, 5, 5, 5, 5, 5, 5, 5, 5, 5, 5, 5, 5, 5, 5, 5, 5, 5, 5,
	5, 5, 5, 5, 5, 5, 5, 5, 5, 5, 5, 5, 5, 5, 5, 5, 5, 5, 5, 5, 5, 5, 5, 5, 5, 5, 5, 5, 5, 5, 5, 5,
	5, 5, 5, 5, 5, 5, 5, 5, 5, 5, 5, 5, 5, 5, 5, 8, 5, 5, 5, 5, 5, 5, 5, 5, 5, 5, 5, 5, 5, 5, 5, 9,
}
CX_TX_DIFF_LINE_SUM_LOWER = {
	17, 3, 0, 0, 0, 0, 0, 0, 0, 0, 1, 0, 0, 1, 30,
}
CX_TX_DIFF_LINE_SUM_UPPER = {
	31, 17, 13, 13, 12, 13, 13, 13, 13, 14, 15, 14, 12, 15, 44,
}
CX_RX_DIFF_LOWER = {
	0, 0, 0, 0, 0, 0, 0, 0, 0, 0, 0, 0, 0, 0, 0, 0, 0, 0, 0, 0, 0, 0, 0, 0, 0, 0, 0, 0, 0, 0, 0,
	0, 0, 0, 0, 0, 0, 0, 0, 0, 0, 0, 0, 0, 0, 0, 0, 0, 0, 0, 0, 0, 0, 0, 0, 0, 0, 0, 0, 0, 0, 0,
	0, 0, 0, 0, 0, 0, 0, 0, 0, 0, 0, 0, 0, 0, 0, 0, 0, 0, 0, 0, 0, 0, 0, 0, 0, 0, 0, 0, 0, 0, 0,
	0, 0, 0, 0, 0, 0, 0, 0, 0, 0, 0, 0, 0, 0, 0, 0, 0, 0, 0, 0, 0, 0, 0, 0, 0, 0, 0, 0, 0, 0, 0,
	0, 0, 0, 0, 0, 0, 0, 0, 0, 0, 0, 0, 0, 0, 0, 0, 0, 0, 0, 0, 0, 0, 0, 0, 0, 0, 0, 0, 0, 0, 0,
	0, 0, 0, 0, 0, 0, 0, 0, 0, 0, 0, 0, 0, 0, 0, 0, 0, 0, 0, 0, 0, 0, 0, 0, 0, 0, 0, 0, 0, 0, 0,
	0, 0, 0, 0, 0, 0, 0, 0, 0, 0, 0, 0, 0, 0, 0, 0, 0, 0, 0, 0, 0, 0, 0, 0, 0, 0, 0, 0, 0, 0, 0,
	0, 0, 0, 0, 0, 0, 0, 0, 0, 0, 0, 0, 0, 0, 0, 0, 0, 0, 0, 0, 0, 0, 0, 0, 0, 0, 0, 0, 0, 0, 0,
	0, 0, 0, 0, 0, 0, 0, 0, 0, 0, 0, 0, 0, 0, 0, 0, 0, 0, 0, 0, 0, 0, 0, 0, 0, 0, 0, 0, 0, 0, 0,
	0, 0, 0, 0, 0, 0, 0, 0, 0, 0, 0, 0, 0, 0, 0, 0, 0, 0, 0, 0, 0, 0, 0, 0, 0, 0, 0, 0, 0, 0, 0,
	0, 0, 0, 0, 0, 0, 0, 0, 0, 0, 0, 0, 0, 0, 0, 0, 0, 0, 0, 0, 0, 0, 0, 0, 0, 0, 0, 0, 0, 0, 0,
	0, 0, 0, 0, 0, 0, 0, 0, 0, 0, 0, 0, 0, 0, 0, 0, 0, 0, 0, 0, 0, 0, 0, 0, 0, 0, 0, 0, 0, 0, 0,
	0, 0, 0, 0, 0, 0, 0, 0, 0, 0, 0, 0, 0, 0, 0, 0, 0, 0, 0, 0, 0, 0, 0, 0, 0, 0, 0, 0, 0, 0, 0,
	0, 0, 0, 0, 0, 0, 0, 0, 0, 0, 0, 0, 0, 0, 0, 0, 0, 0, 0, 0, 0, 0, 0, 0, 0, 0, 0, 0, 0, 0, 0,
	0, 0, 0, 0, 0, 0, 0, 0, 0, 0, 0, 0, 0, 0, 0, 0, 0, 0, 0, 0, 0, 0, 0, 0, 0, 0, 0, 0, 0, 0, 0,
	0, 0, 0, 0, 0, 0, 0, 0, 0, 0, 0, 0, 0, 0, 0, 5, 0, 0, 0, 0, 0, 0, 0, 0, 0, 0, 0, 0, 0, 0, 0,
}
CX_RX_DIFF_UPPER = {
	7, 5, 5, 5, 5, 5, 5, 5, 5, 5, 5, 5, 5, 5, 5, 7, 5, 5, 5, 5, 5, 5, 5, 5, 5, 5, 5, 5, 5, 6, 9,
	5, 5, 5, 5, 5, 5, 5, 5, 5, 5, 5, 5, 5, 5, 5, 6, 5, 5, 5, 5, 5, 5, 5, 5, 5, 5, 5, 5, 5, 5, 7,
	5, 5, 5, 5, 5, 5, 5, 5, 5, 5, 5, 5, 5, 5, 5, 5, 5, 5, 5, 5, 5, 5, 5, 5, 5, 5, 5, 5, 5, 5, 5,
	5, 5, 5, 5, 5, 5, 5, 5, 5, 5, 5, 5, 5, 5, 5, 5, 5, 5, 5, 5, 5, 5, 5, 5, 5, 5, 5, 5, 5, 5, 5,
	5, 5, 5, 5, 5, 5, 5, 5, 5, 5, 5, 5, 5, 5, 5, 5, 5, 5, 5, 5, 5, 5, 5, 5, 5, 5, 5, 5, 5, 5, 5,
	5, 5, 5, 5, 5, 5, 5, 5, 5, 5, 5, 5, 5, 5, 5, 5, 5, 5, 5, 5, 5, 5, 5, 5, 5, 5, 5, 5, 5, 5, 5,
	5, 5, 5, 5, 5, 5, 5, 5, 5, 5, 5, 5, 5, 5, 5, 5, 5, 5, 5, 5, 5, 5, 5, 5, 5, 5, 5, 5, 5, 5, 5,
	5, 5, 5, 5, 5, 5, 5, 5, 5, 5, 5, 5, 5, 5, 5, 5, 5, 5, 5, 5, 5, 5, 5, 5, 5, 5, 5, 5, 5, 5, 5,
	5, 5, 5, 5, 5, 5, 5, 5, 5, 5, 5, 5, 5, 5, 5, 5, 5, 5, 5, 5, 5, 5, 5, 5, 5, 5, 5, 5, 5, 5, 5,
	5, 5, 5, 5, 5, 5, 5, 5, 5, 5, 5, 5, 5, 5, 5, 5, 5, 5, 5, 5, 5, 5, 5, 5, 5, 5, 5, 5, 5, 5, 5,
	5, 5, 5, 5, 5, 5, 5, 5, 5, 5, 5, 5, 5, 5, 5, 5, 5, 5, 5, 5, 5, 5, 5, 5, 5, 5, 5, 5, 5, 5, 5,
	5, 5, 5, 5, 5, 5, 5, 5, 5, 5, 5, 5, 5, 5, 5, 5, 5, 5, 5, 5, 5, 5, 5, 5, 5, 5, 5, 5, 5, 5, 5,
	5, 5, 5, 5, 5, 5, 5, 5, 5, 5, 5, 5, 5, 5, 5, 6, 5, 5, 5, 5, 5, 5, 5, 5, 5, 5, 5, 5, 5, 5, 5,
	5, 5, 5, 5, 5, 5, 5, 5, 5, 5, 5, 5, 5, 5, 5, 7, 5, 5, 5, 5, 5, 5, 5, 5, 5, 5, 5, 5, 5, 5, 5,
	5, 5, 5, 5, 5, 5, 5, 5, 5, 5, 5, 5, 5, 5, 5, 8, 5, 5, 5, 5, 5, 5, 5, 5, 5, 5, 5, 5, 5, 5, 5,
	7, 5, 5, 5, 5, 5, 5, 5, 5, 5, 5, 5, 5, 5, 8, 13, 5, 5, 5, 5, 5, 5, 5, 5, 5, 5, 5, 5, 5, 5, 7,
}
CX_RX_DIFF_LINE_SUM_LOWER = {
	1, 0, 0, 0, 0, 0, 0, 0, 0, 0, 0, 0, 0, 0, 0, 17, 0, 0, 0, 0, 0, 0, 0, 0, 0, 0, 0, 0, 0, 0, 4,
}
CX_RX_DIFF_LINE_SUM_UPPER = {
	25, 16, 14, 15, 15, 14, 15, 15, 15, 15, 16, 16, 17, 17, 21, 41, 17, 18, 16, 18, 18, 17, 18, 18, 17, 17, 18, 19, 18, 19, 28,
}
HF_CX_TOTAL_RETRY_CNT = {
	3,
}
HF_CX_TX_DIFF_LOWER = {
	0, 0, 0, 0, 0, 0, 0, 0, 0, 0, 0, 0, 0, 0, 0, 0, 0, 0, 0, 0, 0, 0, 0, 0, 0, 0, 0, 0, 0, 0, 0, 0,
	0, 0, 0, 0, 0, 0, 0, 0, 0, 0, 0, 0, 0, 0, 0, 0, 0, 0, 0, 0, 0, 0, 0, 0, 0, 0, 0, 0, 0, 0, 0, 0,
	0, 0, 0, 0, 0, 0, 0, 0, 0, 0, 0, 0, 0, 0, 0, 0, 0, 0, 0, 0, 0, 0, 0, 0, 0, 0, 0, 0, 0, 0, 0, 0,
	0, 0, 0, 0, 0, 0, 0, 0, 0, 0, 0, 0, 0, 0, 0, 0, 0, 0, 0, 0, 0, 0, 0, 0, 0, 0, 0, 0, 0, 0, 0, 0,
	0, 0, 0, 0, 0, 0, 0, 0, 0, 0, 0, 0, 0, 0, 0, 0, 0, 0, 0, 0, 0, 0, 0, 0, 0, 0, 0, 0, 0, 0, 0, 0,
	0, 0, 0, 0, 0, 0, 0, 0, 0, 0, 0, 0, 0, 0, 0, 0, 0, 0, 0, 0, 0, 0, 0, 0, 0, 0, 0, 0, 0, 0, 0, 0,
	0, 0, 0, 0, 0, 0, 0, 0, 0, 0, 0, 0, 0, 0, 0, 0, 0, 0, 0, 0, 0, 0, 0, 0, 0, 0, 0, 0, 0, 0, 0, 0,
	0, 0, 0, 0, 0, 0, 0, 0, 0, 0, 0, 0, 0, 0, 0, 0, 0, 0, 0, 0, 0, 0, 0, 0, 0, 0, 0, 0, 0, 0, 0, 0,
	0, 0, 0, 0, 0, 0, 0, 0, 0, 0, 0, 0, 0, 0, 0, 0, 0, 0, 0, 0, 0, 0, 0, 0, 0, 0, 0, 0, 0, 0, 0, 0,
	0, 0, 0, 0, 0, 0, 0, 0, 0, 0, 0, 0, 0, 0, 0, 0, 0, 0, 0, 0, 0, 0, 0, 0, 0, 0, 0, 0, 0, 0, 0, 0,
	0, 0, 0, 0, 0, 0, 0, 0, 0, 0, 0, 0, 0, 0, 0, 0, 0, 0, 0, 0, 0, 0, 0, 0, 0, 0, 0, 0, 0, 0, 0, 0,
	0, 0, 0, 0, 0, 0, 0, 0, 0, 0, 0, 0, 0, 0, 0, 0, 0, 0, 0, 0, 0, 0, 0, 0, 0, 0, 0, 0, 0, 0, 0, 0,
	0, 0, 0, 0, 0, 0, 0, 0, 0, 0, 0, 0, 0, 0, 0, 0, 0, 0, 0, 0, 0, 0, 0, 0, 0, 0, 0, 0, 0, 0, 0, 0,
	0, 0, 0, 0, 0, 0, 0, 0, 0, 0, 0, 0, 0, 0, 0, 0, 0, 0, 0, 0, 0, 0, 0, 0, 0, 0, 0, 0, 0, 0, 0, 0,
	0, 0, 0, 0, 0, 0, 0, 0, 0, 0, 0, 0, 0, 0, 0, 0, 0, 0, 0, 0, 0, 0, 0, 0, 0, 0, 0, 0, 0, 0, 0, 0,
}
HF_CX_TX_DIFF_UPPER = {
	7, 5, 5, 5, 5, 5, 5, 5, 5, 5, 5, 5, 5, 5, 5, 5, 5, 5, 5, 5, 5, 5, 5, 5, 5, 5, 5, 5, 5, 5, 5, 8,
	5, 5, 5, 5, 5, 5, 5, 5, 5, 5, 5, 5, 5, 5, 5, 5, 5, 5, 5, 5, 5, 5, 5, 5, 5, 5, 5, 5, 5, 5, 5, 6,
	5, 5, 5, 5, 5, 5, 5, 5, 5, 5, 5, 5, 5, 5, 5, 5, 5, 5, 5, 5, 5, 5, 5, 5, 5, 5, 5, 5, 5, 5, 5, 5,
	5, 5, 5, 5, 5, 5, 5, 5, 5, 5, 5, 5, 5, 5, 5, 5, 5, 5, 5, 5, 5, 5, 5, 5, 5, 5, 5, 5, 5, 5, 5, 5,
	5, 5, 5, 5, 5, 5, 5, 5, 5, 5, 5, 5, 5, 5, 5, 5, 5, 5, 5, 5, 5, 5, 5, 5, 5, 5, 5, 5, 5, 5, 5, 5,
	5, 5, 5, 5, 5, 5, 5, 5, 5, 5, 5, 5, 5, 5, 5, 5, 5, 5, 5, 5, 5, 5, 5, 5, 5, 5, 5, 5, 5, 5, 5, 5,
	5, 5, 5, 5, 5, 5, 5, 5, 5, 5, 5, 5, 5, 5, 5, 5, 5, 5, 5, 5, 5, 5, 5, 5, 5, 5, 5, 5, 5, 5, 5, 5,
	5, 5, 5, 5, 5, 5, 5, 5, 5, 5, 5, 5, 5, 5, 5, 5, 5, 5, 5, 5, 5, 5, 5, 5, 5, 5, 5, 5, 5, 5, 5, 5,
	5, 5, 5, 5, 5, 5, 5, 5, 5, 5, 5, 5, 5, 5, 5, 5, 5, 5, 5, 5, 5, 5, 5, 5, 5, 5, 5, 5, 5, 5, 5, 5,
	5, 5, 5, 5, 5, 5, 5, 5, 5, 5, 5, 5, 5, 5, 5, 5, 5, 5, 5, 5, 5, 5, 5, 5, 5, 5, 5, 5, 5, 5, 5, 5,
	5, 5, 5, 5, 5, 5, 5, 5, 5, 5, 5, 5, 5, 5, 5, 5, 5, 5, 5, 5, 5, 5, 5, 5, 5, 5, 5, 5, 5, 5, 5, 5,
	5, 5, 5, 5, 5, 5, 5, 5, 5, 5, 5, 5, 5, 5, 5, 5, 5, 5, 5, 5, 5, 5, 5, 5, 5, 5, 5, 5, 5, 5, 5, 5,
	5, 5, 5, 5, 5, 5, 5, 5, 5, 5, 5, 5, 5, 5, 5, 5, 5, 5, 5, 5, 5, 5, 5, 5, 5, 5, 5, 5, 5, 5, 5, 5,
	5, 5, 5, 5, 5, 5, 5, 5, 5, 5, 5, 5, 5, 5, 5, 5, 5, 5, 5, 5, 5, 5, 5, 5, 5, 5, 5, 5, 5, 5, 5, 5,
	5, 5, 5, 5, 5, 5, 5, 5, 5, 5, 5, 5, 5, 5, 5, 8, 5, 5, 5, 5, 5, 5, 5, 5, 5, 5, 5, 5, 5, 5, 5, 9,
}
HF_CX_RX_DIFF_LOWER = {
	0, 0, 0, 0, 0, 0, 0, 0, 0, 0, 0, 0, 0, 0, 0, 0, 0, 0, 0, 0, 0, 0, 0, 0, 0, 0, 0, 0, 0, 0, 0,
	0, 0, 0, 0, 0, 0, 0, 0, 0, 0, 0, 0, 0, 0, 0, 0, 0, 0, 0, 0, 0, 0, 0, 0, 0, 0, 0, 0, 0, 0, 0,
	0, 0, 0, 0, 0, 0, 0, 0, 0, 0, 0, 0, 0, 0, 0, 0, 0, 0, 0, 0, 0, 0, 0, 0, 0, 0, 0, 0, 0, 0, 0,
	0, 0, 0, 0, 0, 0, 0, 0, 0, 0, 0, 0, 0, 0, 0, 0, 0, 0, 0, 0, 0, 0, 0, 0, 0, 0, 0, 0, 0, 0, 0,
	0, 0, 0, 0, 0, 0, 0, 0, 0, 0, 0, 0, 0, 0, 0, 0, 0, 0, 0, 0, 0, 0, 0, 0, 0, 0, 0, 0, 0, 0, 0,
	0, 0, 0, 0, 0, 0, 0, 0, 0, 0, 0, 0, 0, 0, 0, 0, 0, 0, 0, 0, 0, 0, 0, 0, 0, 0, 0, 0, 0, 0, 0,
	0, 0, 0, 0, 0, 0, 0, 0, 0, 0, 0, 0, 0, 0, 0, 0, 0, 0, 0, 0, 0, 0, 0, 0, 0, 0, 0, 0, 0, 0, 0,
	0, 0, 0, 0, 0, 0, 0, 0, 0, 0, 0, 0, 0, 0, 0, 0, 0, 0, 0, 0, 0, 0, 0, 0, 0, 0, 0, 0, 0, 0, 0,
	0, 0, 0, 0, 0, 0, 0, 0, 0, 0, 0, 0, 0, 0, 0, 0, 0, 0, 0, 0, 0, 0, 0, 0, 0, 0, 0, 0, 0, 0, 0,
	0, 0, 0, 0, 0, 0, 0, 0, 0, 0, 0, 0, 0, 0, 0, 0, 0, 0, 0, 0, 0, 0, 0, 0, 0, 0, 0, 0, 0, 0, 0,
	0, 0, 0, 0, 0, 0, 0, 0, 0, 0, 0, 0, 0, 0, 0, 0, 0, 0, 0, 0, 0, 0, 0, 0, 0, 0, 0, 0, 0, 0, 0,
	0, 0, 0, 0, 0, 0, 0, 0, 0, 0, 0, 0, 0, 0, 0, 0, 0, 0, 0, 0, 0, 0, 0, 0, 0, 0, 0, 0, 0, 0, 0,
	0, 0, 0, 0, 0, 0, 0, 0, 0, 0, 0, 0, 0, 0, 0, 0, 0, 0, 0, 0, 0, 0, 0, 0, 0, 0, 0, 0, 0, 0, 0,
	0, 0, 0, 0, 0, 0, 0, 0, 0, 0, 0, 0, 0, 0, 0, 0, 0, 0, 0, 0, 0, 0, 0, 0, 0, 0, 0, 0, 0, 0, 0,
	0, 0, 0, 0, 0, 0, 0, 0, 0, 0, 0, 0, 0, 0, 0, 1, 0, 0, 0, 0, 0, 0, 0, 0, 0, 0, 0, 0, 0, 0, 0,
	0, 0, 0, 0, 0, 0, 0, 0, 0, 0, 0, 0, 0, 0, 0, 6, 0, 0, 0, 0, 0, 0, 0, 0, 0, 0, 0, 0, 0, 0, 0,
}
HF_CX_RX_DIFF_UPPER = {
	7, 5, 5, 5, 5, 5, 5, 5, 5, 5, 5, 5, 5, 5, 5, 8, 5, 5, 5, 5, 5, 5, 5, 5, 5, 5, 5, 5, 5, 6, 9,
	5, 5, 5, 5, 5, 5, 5, 5, 5, 5, 5, 5, 5, 5, 5, 7, 5, 5, 5, 5, 5, 5, 5, 5, 5, 5, 5, 5, 5, 5, 7,
	5, 5, 5, 5, 5, 5, 5, 5, 5, 5, 5, 5, 5, 5, 5, 5, 5, 5, 5, 5, 5, 5, 5, 5, 5, 5, 5, 5, 5, 5, 5,
	5, 5, 5, 5, 5, 5, 5, 5, 5, 5, 5, 5, 5, 5, 5, 5, 5, 5, 5, 5, 5, 5, 5, 5, 5, 5, 5, 5, 5, 5, 5,
	5, 5, 5, 5, 5, 5, 5, 5, 5, 5, 5, 5, 5, 5, 5, 5, 5, 5, 5, 5, 5, 5, 5, 5, 5, 5, 5, 5, 5, 5, 5,
	5, 5, 5, 5, 5, 5, 5, 5, 5, 5, 5, 5, 5, 5, 5, 5, 5, 5, 5, 5, 5, 5, 5, 5, 5, 5, 5, 5, 5, 5, 5,
	5, 5, 5, 5, 5, 5, 5, 5, 5, 5, 5, 5, 5, 5, 5, 5, 5, 5, 5, 5, 5, 5, 5, 5, 5, 5, 5, 5, 5, 5, 5,
	5, 5, 5, 5, 5, 5, 5, 5, 5, 5, 5, 5, 5, 5, 5, 5, 5, 5, 5, 5, 5, 5, 5, 5, 5, 5, 5, 5, 5, 5, 5,
	5, 5, 5, 5, 5, 5, 5, 5, 5, 5, 5, 5, 5, 5, 5, 5, 5, 5, 5, 5, 5, 5, 5, 5, 5, 5, 5, 5, 5, 5, 5,
	5, 5, 5, 5, 5, 5, 5, 5, 5, 5, 5, 5, 5, 5, 5, 5, 5, 5, 5, 5, 5, 5, 5, 5, 5, 5, 5, 5, 5, 5, 5,
	5, 5, 5, 5, 5, 5, 5, 5, 5, 5, 5, 5, 5, 5, 5, 5, 5, 5, 5, 5, 5, 5, 5, 5, 5, 5, 5, 5, 5, 5, 5,
	5, 5, 5, 5, 5, 5, 5, 5, 5, 5, 5, 5, 5, 5, 5, 5, 5, 5, 5, 5, 5, 5, 5, 5, 5, 5, 5, 5, 5, 5, 5,
	5, 5, 5, 5, 5, 5, 5, 5, 5, 5, 5, 5, 5, 5, 5, 6, 5, 5, 5, 5, 5, 5, 5, 5, 5, 5, 5, 5, 5, 5, 5,
	5, 5, 5, 5, 5, 5, 5, 5, 5, 5, 5, 5, 5, 5, 5, 8, 5, 5, 5, 5, 5, 5, 5, 5, 5, 5, 5, 5, 5, 5, 5,
	5, 5, 5, 5, 5, 5, 5, 5, 5, 5, 5, 5, 5, 5, 5, 10, 5, 5, 5, 5, 5, 5, 5, 5, 5, 5, 5, 5, 5, 5, 5,
	7, 5, 5, 5, 5, 5, 5, 5, 5, 5, 5, 5, 5, 5, 7, 14, 5, 5, 5, 5, 5, 5, 5, 5, 5, 5, 5, 5, 5, 5, 7,
}
HF_CX_DIFF_LOWER = {
	-1,
}
HF_CX_DIFF_UPPER = {
	4,
}
/* ============================== */
